1,3188
2,2017
3,4842
4,4952
5,8902
6,7816
7,1594
8,2988
9,5431
10,11
11,2778
12,7035
13,842
14,3896
15,2289
16,8688
17,7675
18,8862
19,9385
20,9574
21,9337
22,9127
23,5760
24,9935
25,2698
26,3960
27,4625
28,8359
29,9275
30,4835
31,1525
32,6359
33,6213
34,5140
35,6441
36,7288
37,1208
38,1933
39,9895
40,7224
41,178
42,4158
43,3991
44,8033
45,3330
46,6991
47,7412
48,6226
49,4815
50,3717
51,5817
52,6838
53,665
54,8892
55,1810
56,123
57,8126
58,8691
59,3602
60,8747
61,4914
62,4033
63,8414
64,3470
65,7029
66,2764
67,1709
68,2776
69,9247
70,1823
71,8097
72,2578
73,9513
74,6700
75,6125
76,3473
77,1017
78,1218
79,211
80,9399
81,5590
82,9813
83,1716
84,9019
85,3116
86,3098
87,2468
88,1808
89,2230
90,316
91,1439
92,7626
93,9129
94,5054
95,4234
96,1821
97,4102
98,6335
99,700
100,8591
101,9922
102,4452
103,6086
104,2343
105,7282
106,1069
107,4653
108,9839
109,2497
110,4436
111,7608
112,382
113,2821
114,8321
115,8868
116,8942
117,7144
118,2562
119,8530
120,1251
121,6988
122,1283
123,3788
124,3277
125,937
126,6809
127,6267
128,1653
129,217
130,9030
131,1758
132,1855
133,9898
134,2433
135,6204
136,8826
137,8755
138,5570
139,7287
140,9153
141,5507
142,1648
143,8941
144,4501
145,6905
146,1765
147,6855
148,7382
149,71
150,6895
151,1910
152,8056
153,6698
154,8183
155,6412
156,4889
157,24
158,5588
159,6695
160,1467
161,368
162,3481
163,286
164,4082
165,2097
166,9618
167,4531
168,2250
169,3838
170,9717
171,3871
172,930
173,7654
174,8534
175,4787
176,6890
177,4086
178,955
179,2418
180,5464
181,6964
182,6159
183,9936
184,1763
185,3398
186,6175
187,5950
188,9574
189,3553
190,2915
191,1762
192,6975
193,1839
194,883
195,461
196,3110
197,9878
198,4889
199,9464
200,7672
201,1967
202,3429
203,1798
204,1221
205,8731
206,6246
207,4108
208,7712
209,1
210,482
211,526
212,6868
213,7428
214,5268
215,9232
216,8353
217,7196
218,4432
219,8421
220,6901
221,8141
222,4807
223,8108
224,9399
225,7853
226,5380
227,5098
228,3226
229,8279
230,3944
231,5310
232,3301
233,562
234,3439
235,1447
236,4860
237,4929
238,3583
239,9542
240,2542
241,6352
242,8068
243,7796
244,4292
245,8252
246,8379
247,8930
248,9657
249,2837
250,8497
251,7464
252,1164
253,7065
254,4682
255,905
256,8140
257,9868
258,2677
259,1579
260,6125
261,5721
262,3646
263,2577
264,8074
265,5928
266,8915
267,3031
268,9692
269,4436
270,2103
271,920
272,4023
273,5694
274,7128
275,3211
276,7379
277,3666
278,6271
279,7640
280,7984
281,6054
282,3255
283,5888
284,646
285,6280
286,3161
287,5797
288,8401
289,2884
290,3643
291,9854
292,4451
293,6645
294,352
295,3174
296,9913
297,229
298,3044
299,141
300,8014
301,3074
302,6443
303,9193
304,56
305,1326
306,5154
307,1524
308,8147
309,8372
310,1205
311,9618
312,2071
313,7450
314,5221
315,6818
316,4425
317,1825
318,5944
319,7090
320,1680
321,8198
322,9635
323,6415
324,8026
325,7891
326,5493
327,1064
328,2990
329,2666
330,8206
331,2319
332,8088
333,9699
334,5656
335,6984
336,3799
337,6224
338,1587
339,3412
340,5734
341,365
342,4637
343,3709
344,6130
345,4460
346,8178
347,1803
348,4002
349,8335
350,6531
351,1999
352,7392
353,5837
354,9125
355,2005
356,2541
357,3761
358,1421
359,7378
360,3004
361,4081
362,6005
363,2491
364,6862
365,6188
366,7348
367,188
368,6509
369,9376
370,3689
371,3295
372,9008
373,299
374,7862
375,5459
376,2062
377,308
378,8921
379,2461
380,6539
381,5094
382,4609
383,8816
384,1384
385,2603
386,5537
387,1230
388,1044
389,7675
390,4151
391,5615
392,7265
393,7635
394,9172
395,2637
396,6673
397,8541
398,4957
399,8
400,830
401,1257
402,6435
403,366
404,9969
405,5881
406,3327
407,8051
408,2703
409,690
410,3294
411,6239
412,7903
413,9922
414,1292
415,42
416,9309
417,6566
418,9281
419,337
420,6939
421,4127
422,2045
423,2788
424,6309
425,5000
426,6396
427,9105
428,2555
429,4369
430,6364
431,5042
432,2849
433,9384
434,1922
435,3922
436,6429
437,1727
438,4718
439,2880
440,9739
441,319
442,850
443,627
444,9382
445,1500
446,5415
447,5814
448,5726
449,5267
450,701
451,7113
452,9518
453,2497
454,5556
455,9785
456,4949
457,9011
458,3993
459,8392
460,5887
461,6476
462,8486
463,8147
464,1867
465,1697
466,2478
467,713
468,1393
469,4273
470,6027
471,6078
472,7330
473,3624
474,3429
475,7502
476,8434
477,502
478,3463
479,7826
480,9129
481,4960
482,717
483,6201
484,4522
485,1144
486,6833
487,9751
488,3739
489,6399
490,5873
491,4949
492,6711
493,6676
494,1542
495,8183
496,9324
497,9342
498,6011
499,5599
500,4192
501,3754
502,1259
503,1117
504,3460
505,100
506,4169
507,1800
508,4594
509,3533
510,4506
511,9650
512,2889
513,5233
514,7714
515,10
516,3721
517,1105
518,3901
519,6632
520,3321
521,8306
522,1911
523,7198
524,8326
525,4921
526,96
527,7116
528,5523
529,1620
530,2150
531,2987
532,1262
533,7085
534,8490
535,6846
536,5334
537,2079
538,3069
539,588
540,4901
541,3830
542,9207
543,6457
544,577
545,4815
546,7412
547,7877
548,2236
549,9260
550,4742
551,5223
552,3289
553,3651
554,1278
555,9737
556,109
557,840
558,714
559,855
560,1559
561,1837
562,2100
563,7021
564,8637
565,7635
566,9248
567,1200
568,458
569,9260
570,7963
571,2625
572,9418
573,3225
574,5626
575,5252
576,9488
577,3947
578,6576
579,1173
580,9434
581,4634
582,4545
583,9999
584,702
585,9570
586,7805
587,7221
588,8359
589,9527
590,3949
591,5428
592,4431
593,1189
594,5640
595,8786
596,7921
597,9079
598,1820
599,6253
600,2873
601,1856
602,5660
603,6735
604,5463
605,1942
606,5590
607,2977
608,3517
609,423
610,5666
611,8796
612,4428
613,4522
614,2089
615,2964
616,8882
617,9763
618,2119
619,5120
620,9766
621,7332
622,174
623,9799
624,5066
625,3197
626,8241
627,8088
628,6648
629,4810
630,6756
631,3580
632,293
633,3814
634,5596
635,1215
636,7295
637,8665
638,8302
639,8894
640,8328
641,124
642,420
643,704
644,8078
645,5005
646,8359
647,6663
648,7153
649,8706
650,359
651,4004
652,3843
653,6073
654,3107
655,5965
656,4257
657,9297
658,3674
659,3608
660,7192
661,4598
662,2502
663,709
664,3345
665,6372
666,3242
667,4399
668,6483
669,1935
670,899
671,1029
672,5286
673,8327
674,2949
675,433
676,4591
677,6648
678,1011
679,2997
680,7169
681,3566
682,9510
683,5464
684,9356
685,4013
686,1107
687,3738
688,7166
689,3993
690,2968
691,1737
692,7872
693,7524
694,3510
695,1461
696,8159
697,8110
698,4956
699,1761
700,7158
701,8014
702,9501
703,2877
704,4636
705,8370
706,3929
707,9946
708,7672
709,1208
710,4163
711,977
712,1291
713,9035
714,4983
715,45
716,242
717,9102
718,5666
719,2668
720,3752
721,1843
722,6013
723,7217
724,6901
725,5913
726,8829
727,1015
728,9599
729,7613
730,175
731,146
732,2413
733,5907
734,3360
735,1684
736,2853
737,7535
738,863
739,1270
740,4720
741,2241
742,3779
743,6743
744,1760
745,2066
746,4767
747,9003
748,9293
749,6235
750,6714
751,793
752,2082
753,3271
754,7469
755,1559
756,4610
757,1174
758,2549
759,937
760,5328
761,7260
762,1425
763,3689
764,4137
765,722
766,3675
767,8880
768,7555
769,1329
770,5301
771,4715
772,6573
773,3643
774,6769
775,6045
776,4332
777,9478
778,4973
779,4395
780,1576
781,529
782,3144
783,5611
784,6321
785,9626
786,6980
787,8892
788,8515
789,5325
790,7055
791,9623
792,3360
793,6604
794,77
795,4574
796,1207
797,2912
798,1262
799,73
800,8845
801,4845
802,6230
803,3904
804,8439
805,3128
806,4669
807,1729
808,7187
809,8581
810,2471
811,4289
812,3520
813,8533
814,5253
815,3179
816,4992
817,2211
818,8671
819,6938
820,8963
821,9197
822,6182
823,8119
824,4484
825,1366
826,5804
827,1811
828,8668
829,1994
830,4273
831,220
832,9745
833,8775
834,4911
835,7292
836,8359
837,8051
838,5396
839,8344
840,794
841,1417
842,8077
843,8024
844,3372
845,8304
846,7970
847,3050
848,2884
849,3541
850,7469
851,4109
852,7848
853,3538
854,7680
855,8351
856,6812
857,9787
858,9059
859,1619
860,4538
861,967
862,5115
863,2209
864,9393
865,9444
866,7766
867,1725
868,8458
869,6662
870,1124
871,1121
872,9633
873,5201
874,3620
875,9984
876,4774
877,4572
878,2947
879,9965
880,4562
881,4211
882,2468
883,9522
884,1711
885,7960
886,9955
887,7688
888,6732
889,667
890,4279
891,8405
892,4422
893,1930
894,4878
895,8889
896,5083
897,2654
898,5090
899,1086
900,6018
901,8946
902,4192
903,9195
904,336
905,2682
906,2909
907,2313
908,3188
909,6912
910,3759
911,7935
912,433
913,1562
914,3608
915,9932
916,4663
917,118
918,4376
919,5189
920,728
921,8104
922,3122
923,594
924,6778
925,8838
926,1005
927,2465
928,4556
929,7301
930,8302
931,5084
932,767
933,3583
934,1482
935,8123
936,5761
937,8426
938,7992
939,9448
940,9917
941,5157
942,3105
943,1109
944,7667
945,7514
946,650
947,5072
948,8814
949,7078
950,3248
951,2587
952,1056
953,3444
954,2870
955,7425
956,4182
957,753
958,6033
959,5192
960,3416
961,9744
962,6146
963,4913
964,9557
965,3681
966,6621
967,889
968,3237
969,1276
970,5229
971,9287
972,8471
973,442
974,7188
975,1264
976,825
977,350
978,8810
979,2648
980,4516
981,8384
982,6625
983,9299
984,9801
985,4954
986,8104
987,644
988,2801
989,4719
990,7089
991,9857
992,8810
993,4366
994,7538
995,3095
996,6274
997,68
998,2085
999,5721
1000,801
1001,3428
1002,8655
1003,8712
1004,7992
1005,5059
1006,4601
1007,4329
1008,7776
1009,1858
1010,5234
1011,2331
1012,8751
1013,928
1014,9071
1015,284
1016,6566
1017,9948
1018,9311
1019,117
1020,4245
1021,5513
1022,1774
1023,9446
1024,6237
1025,4926
1026,6762
1027,957
1028,9831
1029,1002
1030,3414
1031,1973
1032,1132
1033,5937
1034,3403
1035,3522
1036,3557
1037,4159
1038,8796
1039,1448
1040,712
1041,2719
1042,5775
1043,2042
1044,2707
1045,9515
1046,1757
1047,7235
1048,2316
1049,478
1050,3416
1051,6266
1052,9911
1053,5192
1054,9375
1055,561
1056,2689
1057,9290
1058,723
1059,4817
1060,1010
1061,8634
1062,5792
1063,1498
1064,572
1065,1282
1066,9686
1067,3529
1068,1860
1069,4987
1070,607
1071,5922
1072,8706
1073,3585
1074,6797
1075,9726
1076,6172
1077,9369
1078,4467
1079,8367
1080,1789
1081,2937
1082,6100
1083,2600
1084,7833
1085,6060
1086,8104
1087,3053
1088,9479
1089,2833
1090,7864
1091,9971
1092,1996
1093,4074
1094,9110
1095,4271
1096,9633
1097,1925
1098,7577
1099,5990
1100,4447
1101,9912
1102,4015
1103,9022
1104,5853
1105,8235
1106,2743
1107,35
1108,2993
1109,6461
1110,3879
1111,619
1112,3397
1113,4353
1114,3799
1115,8433
1116,4692
1117,9278
1118,787
1119,8630
1120,6520
1121,748
1122,5629
1123,136
1124,3058
1125,686
1126,8033
1127,3172
1128,1851
1129,3422
1130,9155
1131,3422
1132,2325
1133,3245
1134,2878
1135,2531
1136,8613
1137,7370
1138,2664
1139,3023
1140,5236
1141,3215
1142,8339
1143,8882
1144,6237
1145,9395
1146,3447
1147,6955
1148,5245
1149,8593
1150,9404
1151,9304
1152,8462
1153,1671
1154,5745
1155,4787
1156,2241
1157,7963
1158,2093
1159,670
1160,9308
1161,1730
1162,5553
1163,7018
1164,2369
1165,1673
1166,4128
1167,1051
1168,5243
1169,4783
1170,6728
1171,1257
1172,8405
1173,291
1174,4493
1175,4406
1176,2030
1177,2818
1178,8732
1179,3378
1180,629
1181,3454
1182,7436
1183,9862
1184,3615
1185,9819
1186,3055
1187,705
1188,268
1189,4601
1190,3256
1191,4930
1192,7931
1193,5298
1194,8581
1195,7915
1196,4600
1197,7074
1198,6881
1199,2790
1200,3398
1201,2408
1202,2610
1203,7654
1204,6761
1205,9032
1206,2994
1207,2546
1208,8601
1209,8354
1210,1214
1211,618
1212,4062
1213,5103
1214,5187
1215,3531
1216,7821
1217,4331
1218,6901
1219,9464
1220,8012
1221,6634
1222,2955
1223,8913
1224,783
1225,8503
1226,5352
1227,6111
1228,3843
1229,7260
1230,9546
1231,8774
1232,5712
1233,2827
1234,2643
1235,5581
1236,4334
1237,7073
1238,3283
1239,7852
1240,5112
1241,3047
1242,2591
1243,1285
1244,2031
1245,4930
1246,7363
1247,2394
1248,2159
1249,9
1250,1521
1251,5404
1252,6069
1253,9821
1254,6406
1255,2761
1256,5084
1257,9970
1258,7730
1259,5863
1260,3608
1261,4863
1262,9448
1263,843
1264,9297
1265,2349
1266,248
1267,1643
1268,8239
1269,933
1270,3341
1271,9419
1272,8224
1273,8379
1274,568
1275,9284
1276,9123
1277,6026
1278,4598
1279,893
1280,1889
1281,2678
1282,4563
1283,9540
1284,4131
1285,9437
1286,7382
1287,3300
1288,6551
1289,3386
1290,1773
1291,8026
1292,7986
1293,3657
1294,345
1295,411
1296,8548
1297,2482
1298,8531
1299,4495
1300,3791
1301,6314
1302,6443
1303,3806
1304,824
1305,6393
1306,5937
1307,9354
1308,7440
1309,2256
1310,3418
1311,5281
1312,9962
1313,3214
1314,3310
1315,3652
1316,2156
1317,9863
1318,208
1319,8985
1320,6104
1321,1128
1322,2519
1323,655
1324,4074
1325,9834
1326,37
1327,9762
1328,3861
1329,5154
1330,8072
1331,7426
1332,4490
1333,7116
1334,2364
1335,8747
1336,1098
1337,9301
1338,1891
1339,2564
1340,9988
1341,8925
1342,2176
1343,1198
1344,7009
1345,5771
1346,7848
1347,782
1348,9266
1349,8655
1350,6022
1351,2725
1352,8006
1353,4673
1354,237
1355,5645
1356,6832
1357,4692
1358,5426
1359,913
1360,9596
1361,7240
1362,3155
1363,5605
1364,8196
1365,7434
1366,8271
1367,3629
1368,5379
1369,5517
1370,7975
1371,6846
1372,9695
1373,1586
1374,8578
1375,3184
1376,509
1377,5118
1378,3917
1379,1642
1380,7719
1381,7594
1382,8634
1383,5144
1384,5848
1385,2063
1386,3085
1387,911
1388,1070
1389,2023
1390,5993
1391,9411
1392,555
1393,1858
1394,7995
1395,8963
1396,2130
1397,1536
1398,4596
1399,6775
1400,1735
1401,6778
1402,6218
1403,1939
1404,7250
1405,7823
1406,7918
1407,4545
1408,7111
1409,466
1410,4066
1411,7292
1412,4896
1413,7778
1414,7742
1415,6121
1416,6626
1417,5028
1418,7597
1419,5611
1420,2170
1421,1749
1422,4427
1423,4569
1424,8334
1425,1697
1426,8613
1427,1486
1428,6971
1429,9808
1430,8054
1431,2281
1432,9554
1433,4826
1434,4878
1435,5491
1436,1519
1437,5900
1438,1599
1439,3523
1440,7307
1441,367
1442,1196
1443,6377
1444,4219
1445,1362
1446,8110
1447,8116
1448,8618
1449,3917
1450,2212
1451,7269
1452,7748
1453,7065
1454,559
1455,457
1456,7163
1457,7712
1458,8295
1459,8167
1460,1915
1461,7756
1462,8975
1463,6581
1464,5757
1465,4885
1466,3280
1467,2481
1468,4178
1469,4748
1470,2807
1471,7638
1472,5103
1473,8024
1474,4774
1475,9422
1476,6464
1477,3782
1478,6868
1479,3494
1480,6305
1481,2039
1482,6841
1483,2052
1484,2115
1485,6636
1486,6363
1487,1204
1488,394
1489,239
1490,2176
1491,5531
1492,4115
1493,812
1494,5511
1495,6354
1496,2918
1497,5146
1498,3669
1499,6844
1500,3879
1501,1921
1502,9099
1503,6292
1504,1094
1505,1896
1506,1079
1507,21
1508,484
1509,2398
1510,6905
1511,7816
1512,4449
1513,5503
1514,5936
1515,7209
1516,4826
1517,2731
1518,7198
1519,7640
1520,8688
1521,8676
1522,7166
1523,1903
1524,1599
1525,3622
1526,7134
1527,5049
1528,431
1529,947
1530,2128
1531,9938
1532,4566
1533,2866
1534,6331
1535,6097
1536,4066
1537,7877
1538,6572
1539,5241
1540,7883
1541,1901
1542,1088
1543,462
1544,9667
1545,7566
1546,9102
1547,2051
1548,676
1549,278
1550,2299
1551,6438
1552,9459
1553,453
1554,3090
1555,9119
1556,9812
1557,2651
1558,3184
1559,5863
1560,1181
1561,5320
1562,9222
1563,8726
1564,1830
1565,2621
1566,8461
1567,9167
1568,6168
1569,4372
1570,500
1571,929
1572,5304
1573,6717
1574,5195
1575,6433
1576,5321
1577,4787
1578,9754
1579,4448
1580,2339
1581,8780
1582,2301
1583,7407
1584,4155
1585,4732
1586,9215
1587,1484
1588,6680
1589,6512
1590,6829
1591,6409
1592,3318
1593,5038
1594,8438
1595,6655
1596,7947
1597,1630
1598,918
1599,4396
1600,9532
1601,840
1602,2399
1603,14
1604,3054
1605,223
1606,6224
1607,2075
1608,8019
1609,1475
1610,1052
1611,3267
1612,6730
1613,1645
1614,9684
1615,7356
1616,2757
1617,9982
1618,5020
1619,9185
1620,8589
1621,4930
1622,8971
1623,3021
1624,7842
1625,9640
1626,1686
1627,2480
1628,2670
1629,2397
1630,9432
1631,1873
1632,1399
1633,9182
1634,6288
1635,9781
1636,8156
1637,9244
1638,5675
1639,4001
1640,9406
1641,1301
1642,387
1643,2775
1644,5778
1645,3747
1646,6372
1647,1216
1648,2654
1649,8320
1650,997
1651,4830
1652,3097
1653,923
1654,3463
1655,9059
1656,7382
1657,6815
1658,7340
1659,6368
1660,7277
1661,6487
1662,1588
1663,2726
1664,5705
1665,7196
1666,2098
1667,3006
1668,7467
1669,5636
1670,5434
1671,8589
1672,1854
1673,1784
1674,6250
1675,4811
1676,631
1677,8424
1678,3483
1679,8256
1680,3991
1681,1723
1682,216
1683,3521
1684,2517
1685,7742
1686,212
1687,2206
1688,3588
1689,6785
1690,3597
1691,6584
1692,1172
1693,591
1694,5707
1695,706
1696,4791
1697,3027
1698,2033
1699,8569
1700,8831
1701,9607
1702,8481
1703,5981
1704,7592
1705,5636
1706,7498
1707,925
1708,80
1709,7299
1710,3265
1711,6295
1712,1616
1713,4631
1714,5626
1715,5620
1716,8394
1717,8756
1718,6738
1719,2108
1720,1008
1721,7640
1722,7989
1723,9185
1724,1937
1725,9599
1726,7022
1727,4149
1728,6868
1729,2689
1730,6000
1731,2321
1732,3444
1733,8712
1734,9557
1735,579
1736,2694
1737,9171
1738,25
1739,4525
1740,9611
1741,362
1742,1226
1743,6278
1744,7687
1745,1378
1746,9262
1747,5365
1748,5451
1749,2927
1750,5624
1751,8983
1752,9730
1753,5146
1754,6008
1755,5944
1756,1935
1757,1634
1758,2876
1759,5115
1760,5415
1761,4439
1762,3938
1763,2246
1764,9694
1765,573
1766,9865
1767,1797
1768,7027
1769,6983
1770,3457
1771,5455
1772,5583
1773,4665
1774,8181
1775,6957
1776,758
1777,9829
1778,2752
1779,9934
1780,2100
1781,9290
1782,7231
1783,9943
1784,2711
1785,9095
1786,6788
1787,4637
1788,4949
1789,1260
1790,6969
1791,7238
1792,145
1793,5741
1794,6793
1795,2791
1796,4314
1797,5454
1798,3029
1799,6866
1800,285
1801,148
1802,4552
1803,8675
1804,7351
1805,6626
1806,763
1807,2931
1808,2856
1809,4307
1810,4617
1811,5239
1812,3354
1813,755
1814,9488
1815,2372
1816,9316
1817,8860
1818,5476
1819,8979
1820,9587
1821,5804
1822,2442
1823,6284
1824,3927
1825,4252
1826,537
1827,4203
1828,364
1829,5175
1830,9689
1831,8245
1832,2449
1833,7047
1834,6517
1835,8701
1836,7685
1837,6918
1838,5437
1839,9398
1840,6495
1841,3974
1842,9554
1843,1140
1844,3278
1845,3366
1846,324
1847,575
1848,2975
1849,4301
1850,3701
1851,1852
1852,6199
1853,1071
1854,3390
1855,5539
1856,9293
1857,5123
1858,8216
1859,6226
1860,8659
1861,5853
1862,2032
1863,5140
1864,8634
1865,8006
1866,8527
1867,9795
1868,5464
1869,467
1870,9199
1871,9719
1872,7056
1873,4907
1874,569
1875,545
1876,8496
1877,7282
1878,2880
1879,4066
1880,7281
1881,8509
1882,2824
1883,6434
1884,7114
1885,9392
1886,7702
1887,979
1888,6994
1889,6640
1890,7285
1891,8617
1892,189
1893,2202
1894,7119
1895,1681
1896,8033
1897,480
1898,1360
1899,5975
1900,3385
1901,4515
1902,2114
1903,5404
1904,7568
1905,2867
1906,2272
1907,1512
1908,9560
1909,9155
1910,1368
1911,6849
1912,1632
1913,1016
1914,3242
1915,3848
1916,7343
1917,4129
1918,5084
1919,5689
1920,8510
1921,1521
1922,3267
1923,1311
1924,1185
1925,1803
1926,2511
1927,112
1928,1554
1929,5134
1930,4617
1931,1739
1932,9172
1933,3095
1934,2942
1935,7737
1936,9810
1937,8793
1938,140
1939,5653
1940,3066
1941,3851
1942,5128
1943,5837
1944,552
1945,7857
1946,9616
1947,7501
1948,5882
1949,5157
1950,5594
1951,4412
1952,4359
1953,4527
1954,129
1955,240
1956,8262
1957,5425
1958,3204
1959,5175
1960,1950
1961,8021
1962,6392
1963,2741
1964,5180
1965,127
1966,7248
1967,2845
1968,2886
1969,3078
1970,7404
1971,2772
1972,5244
1973,5215
1974,4038
1975,9562
1976,7206
1977,3979
1978,5766
1979,5824
1980,5731
1981,3526
1982,1024
1983,1032
1984,5030
1985,4010
1986,4767
1987,6495
1988,9958
1989,3855
1990,5227
1991,8850
1992,6849
1993,4372
1994,5556
1995,4556
1996,9003
1997,2133
1998,332
1999,5060
2000,5991
2001,4115
2002,1181
2003,2907
2004,5595
2005,4958
2006,5884
2007,3942
2008,6186
2009,5281
2010,6043
2011,4876
2012,1570
2013,8324
2014,309
2015,7011
2016,9886
2017,9339
2018,183
2019,4159
2020,9835
2021,2371
2022,6195
2023,4353
2024,5024
2025,5792
2026,3887
2027,3556
2028,9838
2029,1659
2030,5052
2031,6480
2032,3909
2033,4617
2034,7591
2035,9396
2036,1122
2037,5853
2038,9843
2039,8169
2040,6693
2041,6473
2042,8507
2043,6926
2044,4006
2045,1674
2046,1597
2047,5353
2048,7160
2049,3735
2050,8188
2051,6369
2052,2278
2053,7216
2054,8740
2055,3165
2056,4020
2057,7808
2058,3501
2059,5790
2060,4106
2061,6576
2062,8486
2063,6934
2064,1434
2065,1442
2066,8152
2067,1112
2068,2449
2069,7201
2070,7874
2071,6655
2072,6841
2073,990
2074,6396
2075,3083
2076,2638
2077,1352
2078,9741
2079,3791
2080,2362
2081,6240
2082,3917
2083,959
2084,4253
2085,1183
2086,3011
2087,6612
2088,778
2089,3240
2090,9351
2091,626
2092,9708
2093,7045
2094,2219
2095,8318
2096,2551
2097,3922
2098,9393
2099,9203
2100,5322
2101,9771
2102,4216
2103,8938
2104,1407
2105,554
2106,1455
2107,6404
2108,1848
2109,9242
2110,3937
2111,7045
2112,1605
2113,1613
2114,2046
2115,8705
2116,5377
2117,5975
2118,8498
2119,2639
2120,5694
2121,9515
2122,7152
2123,6587
2124,2147
2125,2218
2126,8969
2127,43
2128,4772
2129,5414
2130,6447
2131,7634
2132,1131
2133,4605
2134,4765
2135,6321
2136,2750
2137,3989
2138,3625
2139,4207
2140,7228
2141,8274
2142,7301
2143,8799
2144,6019
2145,264
2146,1467
2147,6735
2148,6636
2149,7842
2150,279
2151,4711
2152,2108
2153,9900
2154,9528
2155,8376
2156,5937
2157,455
2158,101
2159,5310
2160,8627
2161,5900
2162,539
2163,383
2164,784
2165,9658
2166,6951
2167,9884
2168,1893
2169,808
2170,4267
2171,4590
2172,887
2173,8056
2174,2530
2175,9365
2176,1435
2177,556
2178,4832
2179,5474
2180,8912
2181,2571
2182,5726
2183,1722
2184,5828
2185,1641
2186,6939
2187,9807
2188,6182
2189,3663
2190,4074
2191,3730
2192,5245
2193,8317
2194,8780
2195,5052
2196,3069
2197,1234
2198,8942
2199,2507
2200,9914
2201,6805
2202,9190
2203,7029
2204,8514
2205,6144
2206,9679
2207,5655
2208,771
2209,1937
2210,880
2211,5245
2212,8359
2213,893
2214,440
2215,1780
2216,9209
2217,6001
2218,9503
2219,412
2220,8367
2221,7872
2222,3981
2223,4862
2224,28
2225,9017
2226,3574
2227,914
2228,4531
2229,3730
2230,5183
2231,6680
2232,9835
2233,5736
2234,2636
2235,4717
2236,7050
2237,9319
2238,3174
2239,4859
2240,1224
2241,5944
2242,4472
2243,9216
2244,5236
2245,5623
2246,5166
2247,1906
2248,5997
2249,3159
2250,5157
2251,7800
2252,8292
2253,4791
2254,789
2255,7376
2256,5531
2257,2232
2258,370
2259,6401
2260,7766
2261,9097
2262,8794
2263,6423
2264,3315
2265,9825
2266,9552
2267,2563
2268,1272
2269,5940
2270,4983
2271,6967
2272,6724
2273,2194
2274,5031
2275,2120
2276,7445
2277,807
2278,6036
2279,5907
2280,3867
2281,7616
2282,4255
2283,8426
2284,1794
2285,9536
2286,5261
2287,3060
2288,4176
2289,6499
2290,6743
2291,2686
2292,8842
2293,437
2294,3953
2295,8474
2296,892
2297,9119
2298,9008
2299,6298
2300,4038
2301,9111
2302,1559
2303,9274
2304,3558
2305,4099
2306,2445
2307,9627
2308,2175
2309,6384
2310,8042
2311,4589
2312,3917
2313,3999
2314,6559
2315,680
2316,6356
2317,1926
2318,5440
2319,3497
2320,7162
2321,7231
2322,259
2323,8571
2324,8120
2325,3939
2326,8868
2327,3184
2328,5515
2329,1793
2330,9523
2331,4341
2332,8086
2333,9796
2334,6089
2335,8993
2336,4057
2337,8858
2338,3229
2339,2902
2340,363
2341,839
2342,7751
2343,5101
2344,3476
2345,3986
2346,4898
2347,9554
2348,7188
2349,4425
2350,6424
2351,5851
2352,5868
2353,7024
2354,6998
2355,7254
2356,5325
2357,8087
2358,8639
2359,7850
2360,3044
2361,4276
2362,5844
2363,5205
2364,7407
2365,4353
2366,7436
2367,6039
2368,6690
2369,8392
2370,1404
2371,5038
2372,2841
2373,3204
2374,4708
2375,994
2376,6752
2377,8000
2378,2343
2379,6957
2380,9269
2381,5250
2382,9518
2383,1179
2384,7947
2385,566
2386,935
2387,168
2388,2171
2389,2522
2390,8493
2391,6717
2392,5195
2393,3625
2394,4359
2395,4842
2396,2735
2397,2036
2398,8923
2399,1504
2400,1245
2401,8444
2402,8764
2403,6119
2404,8808
2405,8322
2406,5272
2407,8397
2408,2623
2409,2958
2410,2904
2411,4267
2412,7562
2413,1466
2414,2755
2415,5355
2416,8627
2417,5904
2418,9102
2419,1334
2420,487
2421,1460
2422,2605
2423,1954
2424,2438
2425,4096
2426,190
2427,2263
2428,7662
2429,7332
2430,6533
2431,2590
2432,3997
2433,5916
2434,6838
2435,1336
2436,3149
2437,6352
2438,3104
2439,5395
2440,9767
2441,2194
2442,1828
2443,7355
2444,1511
2445,9180
2446,4449
2447,9360
2448,4805
2449,2117
2450,3177
2451,3799
2452,1585
2453,2008
2454,3600
2455,2717
2456,176
2457,5709
2458,514
2459,7915
2460,8773
2461,296
2462,5719
2463,7373
2464,4799
2465,542
2466,1060
2467,4013
2468,4769
2469,9256
2470,7922
2471,3814
2472,4090
2473,8735
2474,8904
2475,7894
2476,8606
2477,1274
2478,2985
2479,8154
2480,4854
2481,9608
2482,3634
2483,2396
2484,5861
2485,8806
2486,4617
2487,9165
2488,2090
2489,4086
2490,7447
2491,3831
2492,7995
2493,8895
2494,5750
2495,5305
2496,6877
2497,7944
2498,606
2499,7751
2500,3017
2501,6023
2502,6989
2503,9603
2504,5948
2505,3567
2506,8501
2507,6684
2508,9929
2509,1982
2510,5526
2511,2176
2512,3621
2513,943
2514,1448
2515,8662
2516,9892
2517,54
2518,9230
2519,8109
2520,3124
2521,1861
2522,4713
2523,1956
2524,1939
2525,637
2526,3329
2527,9447
2528,3526
2529,4870
2530,2782
2531,9306
2532,7279
2533,7931
2534,3820
2535,8505
2536,2918
2537,9145
2538,1039
2539,1545
2540,9854
2541,9642
2542,5839
2543,6013
2544,8906
2545,4362
2546,3747
2547,8758
2548,1596
2549,651
2550,8608
2551,7739
2552,2411
2553,4210
2554,9627
2555,2823
2556,8771
2557,1603
2558,735
2559,1077
2560,6793
2561,3153
2562,7119
2563,8864
2564,8524
2565,449
2566,4101
2567,3145
2568,3964
2569,7304
2570,1303
2571,1026
2572,3153
2573,5868
2574,8031
2575,442
2576,5103
2577,4440
2578,8122
2579,1718
2580,7301
2581,6337
2582,1407
2583,3685
2584,166
2585,8505
2586,534
2587,657
2588,7970
2589,3902
2590,7966
2591,8116
2592,1306
2593,2336
2594,4199
2595,4452
2596,5236
2597,2980
2598,7254
2599,2664
2600,1437
2601,8880
2602,9509
2603,1129
2604,2479
2605,6704
2606,8202
2607,9411
2608,5036
2609,7650
2610,8915
2611,4907
2612,833
2613,8078
2614,6977
2615,8994
2616,7464
2617,6612
2618,4679
2619,9213
2620,6926
2621,9372
2622,4772
2623,4396
2624,4240
2625,4412
2626,7640
2627,3882
2628,5981
2629,7756
2630,7656
2631,1969
2632,2501
2633,4527
2634,8439
2635,407
2636,3483
2637,7615
2638,6414
2639,5146
2640,2305
2641,5759
2642,197
2643,6058
2644,4917
2645,191
2646,2924
2647,931
2648,4457
2649,3354
2650,4287
2651,5331
2652,3864
2653,8640
2654,9547
2655,9980
2656,3405
2657,9360
2658,6040
2659,3091
2660,1061
2661,9608
2662,9372
2663,3794
2664,103
2665,199
2666,2997
2667,1038
2668,402
2669,2328
2670,4364
2671,6312
2672,5262
2673,6128
2674,9084
2675,9427
2676,2458
2677,1355
2678,3014
2679,5063
2680,5497
2681,2946
2682,122
2683,19
2684,7741
2685,8113
2686,5736
2687,8188
2688,5284
2689,6961
2690,4222
2691,6381
2692,6149
2693,8596
2694,6265
2695,2083
2696,9182
2697,1176
2698,1295
2699,7550
2700,5563
2701,7794
2702,7981
2703,427
2704,8163
2705,6676
2706,694
2707,6512
2708,6959
2709,7742
2710,9505
2711,6443
2712,6512
2713,1465
2714,2710
2715,8421
2716,8671
2717,8068
2718,3878
2719,5420
2720,1957
2721,7826
2722,3655
2723,5670
2724,6187
2725,7416
2726,1420
2727,2283
2728,5195
2729,4488
2730,4307
2731,8450
2732,6578
2733,7043
2734,8152
2735,5422
2736,1508
2737,6623
2738,2713
2739,3755
2740,7358
2741,7049
2742,3237
2743,5933
2744,7947
2745,4682
2746,8905
2747,7769
2748,6415
2749,5891
2750,8445
2751,8743
2752,8266
2753,8345
2754,9475
2755,7192
2756,3216
2757,9990
2758,5948
2759,1431
2760,6455
2761,4898
2762,3325
2763,2750
2764,9644
2765,9115
2766,5850
2767,2267
2768,2634
2769,57
2770,9065
2771,404
2772,4296
2773,636
2774,645
2775,5742
2776,5476
2777,1476
2778,5529
2779,2959
2780,503
2781,2482
2782,8956
2783,888
2784,772
2785,6178
2786,9332
2787,4304
2788,5484
2789,9313
2790,7065
2791,4644
2792,1832
2793,8816
2794,3775
2795,6101
2796,354
2797,4452
2798,9565
2799,7723
2800,5381
2801,2006
2802,5508
2803,7535
2804,8549
2805,2387
2806,4117
2807,9972
2808,4987
2809,5734
2810,3612
2811,5777
2812,3976
2813,1649
2814,1213
2815,2675
2816,4685
2817,6755
2818,7730
2819,5258
2820,8885
2821,7808
2822,9147
2823,1667
2824,8046
2825,7015
2826,985
2827,9760
2828,8082
2829,1288
2830,4420
2831,9227
2832,7918
2833,3638
2834,2982
2835,7920
2836,5166
2837,5455
2838,8483
2839,6707
2840,9101
2841,4311
2842,2991
2843,8725
2844,4802
2845,5274
2846,2198
2847,8953
2848,5191
2849,8741
2850,1951
2851,4353
2852,8066
2853,5535
2854,5383
2855,8841
2856,4432
2857,9380
2858,3606
2859,2546
2860,4245
2861,9960
2862,2770
2863,315
2864,5700
2865,3767
2866,6347
2867,63
2868,5011
2869,3339
2870,327
2871,7656
2872,8294
2873,2399
2874,8144
2875,9978
2876,6109
2877,4849
2878,6912
2879,8709
2880,6612
2881,3558
2882,1389
2883,3794
2884,4947
2885,5609
2886,494
2887,8777
2888,3006
2889,1161
2890,7808
2891,9244
2892,3204
2893,3126
2894,7560
2895,5877
2896,7926
2897,5537
2898,7022
2899,4548
2900,3769
2901,8761
2902,7370
2903,7573
2904,4737
2905,1087
2906,544
2907,314
2908,3779
2909,3586
2910,849
2911,3066
2912,3749
2913,415
2914,9119
2915,7656
2916,1503
2917,3016
2918,9931
2919,1462
2920,5218
2921,3709
2922,8471
2923,2295
2924,2931
2925,8849
2926,29
2927,5906
2928,4722
2929,4207
2930,7460
2931,3718
2932,2380
2933,9187
2934,6920
2935,1567
2936,7431
2937,5045
2938,2682
2939,8054
2940,6074
2941,2994
2942,6168
2943,2279
2944,5873
2945,9220
2946,4629
2947,2231
2948,7943
2949,9170
2950,9844
2951,3113
2952,102
2953,3811
2954,2826
2955,5473
2956,6986
2957,4634
2958,4630
2959,2512
2960,6951
2961,9452
2962,5653
2963,547
2964,9792
2965,1687
2966,8524
2967,384
2968,2522
2969,2972
2970,7106
2971,8454
2972,3702
2973,1351
2974,256
2975,3202
2976,2322
2977,7422
2978,2295
2979,6559
2980,4673
2981,8004
2982,9184
2983,7740
2984,2406
2985,8047
2986,2226
2987,9048
2988,5792
2989,1514
2990,8066
2991,9584
2992,8040
2993,1886
2994,8513
2995,1276
2996,9464
2997,3358
2998,8584
2999,7762
3000,33
3001,628
3002,9203
3003,448
3004,8164
3005,1114
3006,3066
3007,5127
3008,2171
3009,1883
3010,3677
3011,7692
3012,4796
3013,7240
3014,4189
3015,8966
3016,4222
3017,934
3018,4506
3019,1540
3020,276
3021,3254
3022,2941
3023,6933
3024,1322
3025,4496
3026,4064
3027,9111
3028,22
3029,2727
3030,4185
3031,9750
3032,5968
3033,1660
3034,6141
3035,6204
3036,4007
3037,4306
3038,5624
3039,9499
3040,9310
3041,8090
3042,8085
3043,8560
3044,874
3045,7209
3046,5740
3047,9094
3048,5828
3049,586
3050,8510
3051,4656
3052,2207
3053,2235
3054,9531
3055,9665
3056,1779
3057,8560
3058,9754
3059,966
3060,9079
3061,2906
3062,7034
3063,9757
3064,3941
3065,3581
3066,2488
3067,444
3068,3021
3069,1732
3070,8998
3071,439
3072,6071
3073,7404
3074,5218
3075,2554
3076,4728
3077,72
3078,9048
3079,9722
3080,2549
3081,7474
3082,5895
3083,1829
3084,8735
3085,5360
3086,5878
3087,7421
3088,9388
3089,6377
3090,4695
3091,9893
3092,2706
3093,4837
3094,5391
3095,7864
3096,2795
3097,2286
3098,5403
3099,3634
3100,6557
3101,7011
3102,1364
3103,1852
3104,9470
3105,9532
3106,2555
3107,7399
3108,9844
3109,5770
3110,1726
3111,6821
3112,1875
3113,9423
3114,8198
3115,2385
3116,4019
3117,1569
3118,6325
3119,3350
3120,3645
3121,5005
3122,2196
3123,6107
3124,3958
3125,3353
3126,2427
3127,8056
3128,2864
3129,8850
3130,8895
3131,7335
3132,1175
3133,5832
3134,6747
3135,7343
3136,7628
3137,6253
3138,8816
3139,7557
3140,8938
3141,311
3142,1313
3143,5026
3144,205
3145,3039
3146,7348
3147,1978
3148,4278
3149,4290
3150,5490
3151,8541
3152,9711
3153,1715
3154,5146
3155,6549
3156,9460
3157,9415
3158,8174
3159,1541
3160,8603
3161,4771
3162,5995
3163,5697
3164,1414
3165,5136
3166,8647
3167,7316
3168,4571
3169,1433
3170,8667
3171,5556
3172,1106
3173,8874
3174,6406
3175,1741
3176,2898
3177,9745
3178,9872
3179,2597
3180,7474
3181,3716
3182,6756
3183,816
3184,3707
3185,8583
3186,8726
3187,4382
3188,9576
3189,5548
3190,1097
3191,6722
3192,5365
3193,6249
3194,5258
3195,533
3196,3080
3197,6468
3198,675
3199,4137
3200,2234
3201,8332
3202,9647
3203,9742
3204,4479
3205,2778
3206,3799
3207,8537
3208,6380
3209,5678
3210,6812
3211,84
3212,4531
3213,9376
3214,2601
3215,1788
3216,224
3217,2791
3218,150
3219,5710
3220,8823
3221,8371
3222,5852
3223,6553
3224,333
3225,4893
3226,5754
3227,8543
3228,4366
3229,4475
3230,7506
3231,8478
3232,1225
3233,6195
3234,154
3235,5451
3236,1512
3237,3862
3238,5744
3239,9095
3240,9379
3241,4742
3242,3432
3243,1825
3244,4198
3245,4203
3246,7209
3247,8419
3248,869
3249,5157
3250,1167
3251,454
3252,9111
3253,5291
3254,965
3255,1716
3256,2716
3257,6372
3258,7347
3259,5959
3260,2607
3261,734
3262,2013
3263,478
3264,5811
3265,6524
3266,7937
3267,2424
3268,2048
3269,1416
3270,9287
3271,2630
3272,2366
3273,5658
3274,9370
3275,3813
3276,4337
3277,6994
3278,341
3279,1835
3280,9788
3281,4435
3282,2497
3283,2745
3284,2366
3285,4092
3286,5680
3287,3606
3288,5440
3289,7994
3290,5161
3291,6773
3292,9281
3293,796
3294,9645
3295,7324
3296,4548
3297,7440
3298,9757
3299,8596
3300,8695
3301,2997
3302,4503
3303,3197
3304,4178
3305,3230
3306,9213
3307,6967
3308,6468
3309,6388
3310,8409
3311,177
3312,1656
3313,1499
3314,6232
3315,75
3316,8369
3317,2502
3318,2035
3319,750
3320,7764
3321,8269
3322,9172
3323,1608
3324,7697
3325,1671
3326,970
3327,6923
3328,953
3329,3471
3330,1906
3331,1980
3332,6090
3333,7047
3334,9209
3335,5272
3336,4601
3337,2564
3338,3203
3339,7060
3340,5123
3341,5839
3342,7387
3343,139
3344,5812
3345,7814
3346,9915
3347,4020
3348,2247
3349,3623
3350,7316
3351,5540
3352,6064
3353,3023
3354,6240
3355,3835
3356,603
3357,2890
3358,8196
3359,9652
3360,1520
3361,3
3362,7951
3363,5005
3364,2787
3365,3634
3366,5710
3367,1052
3368,1255
3369,3709
3370,856
3371,3424
3372,3196
3373,6701
3374,2185
3375,4759
3376,9753
3377,4438
3378,7407
3379,4735
3380,5266
3381,8424
3382,8503
3383,7585
3384,2606
3385,7766
3386,1492
3387,6722
3388,847
3389,7062
3390,5647
3391,6048
3392,8342
3393,2205
3394,3575
3395,4672
3396,2154
3397,7924
3398,2272
3399,8786
3400,8643
3401,6535
3402,4216
3403,4255
3404,275
3405,6506
3406,5223
3407,2678
3408,3264
3409,6473
3410,7221
3411,1872
3412,4722
3413,3209
3414,7938
3415,274
3416,9190
3417,9385
3418,272
3419,6934
3420,5821
3421,9234
3422,6483
3423,5731
3424,3177
3425,5429
3426,2484
3427,3953
3428,9132
3429,6592
3430,786
3431,1057
3432,7924
3433,9751
3434,9132
3435,9954
3436,5015
3437,6317
3438,9115
3439,8082
3440,7412
3441,7957
3442,1132
3443,8462
3444,4713
3445,8311
3446,6332
3447,4784
3448,4503
3449,4494
3450,1864
3451,9071
3452,9768
3453,7611
3454,7099
3455,1747
3456,9206
3457,6984
3458,99
3459,7597
3460,8160
3461,2540
3462,6050
3463,7498
3464,825
3465,6636
3466,9040
3467,1745
3468,2947
3469,3833
3470,867
3471,238
3472,4155
3473,5566
3474,5150
3475,7538
3476,9521
3477,3064
3478,1388
3479,5978
3480,9549
3481,1755
3482,7314
3483,2512
3484,8150
3485,6571
3486,9882
3487,6217
3488,5047
3489,2731
3490,5521
3491,2042
3492,6504
3493,6400
3494,8865
3495,6762
3496,9464
3497,5634
3498,3027
3499,3625
3500,3989
3501,9850
3502,8899
3503,2567
3504,8604
3505,486
3506,4642
3507,1156
3508,1018
3509,9048
3510,6584
3511,3498
3512,8154
3513,246
3514,3999
3515,4570
3516,5940
3517,4496
3518,3775
3519,7365
3520,1009
3521,6341
3522,9794
3523,4558
3524,8643
3525,4104
3526,9515
3527,2510
3528,7560
3529,1657
3530,82
3531,1345
3532,2337
3533,7901
3534,1744
3535,6285
3536,8935
3537,8963
3538,323
3539,2008
3540,491
3541,6033
3542,4084
3543,8282
3544,2997
3545,2610
3546,450
3547,3269
3548,4428
3549,91
3550,4145
3551,9704
3552,845
3553,9974
3554,3572
3555,2880
3556,5629
3557,5671
3558,1096
3559,2778
3560,2279
3561,4381
3562,9743
3563,5985
3564,38
3565,5556
3566,3429
3567,660
3568,5049
3569,1692
3570,3134
3571,3970
3572,9408
3573,2124
3574,6769
3575,9590
3576,9168
3577,6589
3578,1127
3579,4379
3580,4375
3581,7812
3582,5519
3583,4796
3584,2942
3585,7831
3586,4332
3587,9530
3588,1119
3589,4118
3590,6554
3591,7177
3592,3307
3593,8764
3594,2767
3595,5697
3596,1436
3597,8840
3598,996
3599,3306
3600,5241
3601,9003
3602,8647
3603,6152
3604,7329
3605,6092
3606,1125
3607,710
3608,8816
3609,7892
3610,2660
3611,9226
3612,5747
3613,5629
3614,2938
3615,1423
3616,1849
3617,5503
3618,5003
3619,7491
3620,2156
3621,8960
3622,8601
3623,8629
3624,2661
3625,5391
3626,7814
3627,7118
3628,961
3629,6440
3630,4408
3631,1296
3632,4930
3633,8560
3634,9507
3635,9980
3636,2785
3637,2621
3638,2813
3639,5815
3640,6512
3641,1775
3642,265
3643,6442
3644,164
3645,1822
3646,1987
3647,2345
3648,7142
3649,6258
3650,8804
3651,9108
3652,4370
3653,7256
3654,8992
3655,5286
3656,3914
3657,3843
3658,2492
3659,2058
3660,4269
3661,2742
3662,6626
3663,7751
3664,9496
3665,7611
3666,9950
3667,1034
3668,5295
3669,3251
3670,1531
3671,7065
3672,4512
3673,3446
3674,3501
3675,504
3676,6292
3677,2129
3678,484
3679,5905
3680,5018
3681,5448
3682,7955
3683,9441
3684,9494
3685,6994
3686,2183
3687,4109
3688,1166
3689,184
3690,6539
3691,1316
3692,5910
3693,9904
3694,7343
3695,8586
3696,7263
3697,1143
3698,1244
3699,1328
3700,5482
3701,9541
3702,6766
3703,4531
3704,6804
3705,156
3706,9532
3707,5026
3708,5165
3709,4901
3710,8144
3711,9484
3712,7568
3713,4132
3714,1398
3715,4346
3716,4518
3717,5281
3718,4979
3719,8220
3720,2260
3721,8826
3722,2532
3723,7797
3724,7478
3725,8842
3726,4109
3727,2587
3728,8726
3729,1706
3730,7899
3731,2651
3732,8010
3733,1479
3734,3170
3735,5229
3736,846
3737,1701
3738,7709
3739,6487
3740,4820
3741,4253
3742,752
3743,360
3744,7659
3745,3567
3746,4469
3747,8791
3748,6282
3749,5799
3750,2465
3751,5658
3752,7514
3753,726
3754,4885
3755,2383
3756,9011
3757,6630
3758,9979
3759,7290
3760,1243
3761,2603
3762,7231
3763,1882
3764,5834
3765,7562
3766,8150
3767,9740
3768,1741
3769,3970
3770,5684
3771,3848
3772,4662
3773,7791
3774,7246
3775,4942
3776,8622
3777,8405
3778,5011
3779,9906
3780,1756
3781,5429
3782,7660
3783,2187
3784,1873
3785,4322
3786,911
3787,497
3788,3029
3789,4401
3790,7821
3791,5376
3792,662
3793,221
3794,6327
3795,3895
3796,3009
3797,6329
3798,79
3799,9240
3800,4049
3801,1868
3802,1426
3803,7314
3804,4171
3805,3407
3806,7145
3807,6923
3808,456
3809,9196
3810,1000
3811,1321
3812,4753
3813,2146
3814,3113
3815,5684
3816,2758
3817,6483
3818,6626
3819,9899
3820,7354
3821,3546
3822,2026
3823,7106
3824,7163
3825,4509
3826,3699
3827,1885
3828,2568
3829,5179
3830,7522
3831,8945
3832,425
3833,3262
3834,5401
3835,3107
3836,5632
3837,9046
3838,1410
3839,3042
3840,2255
3841,3896
3842,2924
3843,3575
3844,8252
3845,1636
3846,864
3847,7160
3848,7621
3849,5358
3850,1073
3851,6502
3852,2568
3853,8235
3854,1544
3855,3767
3856,9099
3857,3755
3858,6060
3859,3765
3860,4213
3861,3301
3862,1724
3863,2288
3864,5578
3865,4992
3866,377
3867,1977
3868,1331
3869,3719
3870,5037
3871,1864
3872,2951
3873,3530
3874,9991
3875,53
3876,5329
3877,7458
3878,8329
3879,3346
3880,7169
3881,9497
3882,3310
3883,5212
3884,6459
3885,8298
3886,2455
3887,2068
3888,1387
3889,2766
3890,6288
3891,6584
3892,5844
3893,8746
3894,4921
3895,5940
3896,8228
3897,8374
3898,167
3899,5978
3900,6401
3901,6888
3902,1028
3903,9490
3904,9649
3905,1614
3906,4227
3907,4585
3908,7529
3909,295
3910,8738
3911,721
3912,4552
3913,5570
3914,3336
3915,5822
3916,6519
3917,3594
3918,681
3919,3207
3920,8571
3921,3286
3922,3498
3923,1202
3924,5360
3925,1676
3926,5828
3927,835
3928,6175
3929,8071
3930,8975
3931,8694
3932,4820
3933,1402
3934,3132
3935,2276
3936,8016
3937,4896
3938,922
3939,8593
3940,163
3941,3313
3942,3915
3943,6871
3944,1103
3945,2954
3946,6274
3947,8810
3948,8220
3949,5343
3950,5331
3951,7157
3952,3383
3953,8039
3954,8539
3955,7454
3956,4746
3957,3689
3958,5306
3959,5180
3960,1253
3961,571
3962,6915
3963,2369
3964,5372
3965,4995
3966,1496
3967,4811
3968,7685
3969,5684
3970,9028
3971,1414
3972,8381
3973,7604
3974,2389
3975,6455
3976,1045
3977,8911
3978,3806
3979,916
3980,3386
3981,4563
3982,1805
3983,907
3984,5047
3985,9063
3986,2898
3987,5448
3988,2551
3989,1517
3990,2968
3991,5128
3992,868
3993,2067
3994,6078
3995,6468
3996,2850
3997,692
3998,9048
3999,875
4000,7399
4001,4958
4002,8183
4003,7078
4004,2351
4005,5647
4006,2942
4007,1646
4008,9147
4009,9799
4010,3664
4011,2769
4012,4129
4013,4364
4014,5683
4015,2585
4016,8209
4017,6708
4018,8134
4019,4095
4020,4348
4021,5227
4022,4943
4023,8339
4024,8909
4025,8450
4026,791
4027,4044
4028,6323
4029,3226
4030,749
4031,3163
4032,5084
4033,727
4034,989
4035,1880
4036,5427
4037,9963
4038,4361
4039,6250
4040,7864
4041,4263
4042,8213
4043,7998
4044,1065
4045,4614
4046,2432
4047,2274
4048,4341
4049,8169
4050,9402
4051,389
4052,9266
4053,9852
4054,6673
4055,8356
4056,7979
4057,2615
4058,5072
4059,8556
4060,9870
4061,4754
4062,8118
4063,3805
4064,4779
4065,5514
4066,6230
4067,3827
4068,4987
4069,2406
4070,8033
4071,5856
4072,3967
4073,2323
4074,802
4075,5585
4076,3550
4077,470
4078,3408
4079,5795
4080,6388
4081,2375
4082,62
4083,3921
4084,7488
4085,5340
4086,3679
4087,4044
4088,9770
4089,1546
4090,7435
4091,9048
4092,8456
4093,8216
4094,1635
4095,1444
4096,424
4097,3230
4098,4791
4099,8534
4100,8630
4101,7980
4102,877
4103,5879
4104,711
4105,5959
4106,3900
4107,6908
4108,2784
4109,5807
4110,2853
4111,551
4112,6247
4113,2894
4114,804
4115,6587
4116,7730
4117,5856
4118,8944
4119,7227
4120,9611
4121,9197
4122,446
4123,6687
4124,2433
4125,2380
4126,9275
4127,7219
4128,8343
4129,3457
4130,3514
4131,1013
4132,6739
4133,5804
4134,3191
4135,3156
4136,9290
4137,5101
4138,9340
4139,4401
4140,6795
4141,857
4142,5345
4143,4
4144,3037
4145,5121
4146,65
4147,7935
4148,2245
4149,7860
4150,7616
4151,2228
4152,7127
4153,6220
4154,9346
4155,4801
4156,5300
4157,986
4158,602
4159,8254
4160,2265
4161,9715
4162,6178
4163,2983
4164,7373
4165,9976
4166,185
4167,1027
4168,1903
4169,5749
4170,3149
4171,2696
4172,7299
4173,535
4174,1116
4175,1180
4176,695
4177,9124
4178,8901
4179,6161
4180,5402
4181,2619
4182,5701
4183,2260
4184,5389
4185,5023
4186,9225
4187,4541
4188,7454
4189,1963
4190,7818
4191,6659
4192,7295
4193,7090
4194,4200
4195,3223
4196,3143
4197,1685
4198,8857
4199,1802
4200,2153
4201,978
4202,9659
4203,4094
4204,337
4205,5817
4206,6895
4207,6229
4208,353
4209,187
4210,3286
4211,9019
4212,6894
4213,7947
4214,8794
4215,999
4216,6
4217,2922
4218,3230
4219,225
4220,7606
4221,3218
4222,1356
4223,9573
4224,5327
4225,2816
4226,9681
4227,9956
4228,1537
4229,958
4230,1494
4231,1451
4232,7087
4233,779
4234,5701
4235,9481
4236,3970
4237,6452
4238,5365
4239,2627
4240,5369
4241,3253
4242,6853
4243,4174
4244,1073
4245,7246
4246,2189
4247,6878
4248,3061
4249,8123
4250,5443
4251,7129
4252,7907
4253,7002
4254,348
4255,152
4256,5212
4257,182
4258,8758
4259,8899
4260,1439
4261,5779
4262,1782
4263,819
4264,4754
4265,4292
4266,5461
4267,946
4268,4577
4269,2078
4270,8580
4271,6549
4272,4281
4273,6617
4274,9977
4275,1442
4276,7238
4277,4938
4278,3207
4279,5128
4280,5211
4281,8865
4282,6195
4283,1980
4284,9431
4285,3220
4286,7481
4287,6600
4288,2361
4289,6535
4290,6120
4291,4151
4292,2247
4293,7342
4294,7538
4295,2580
4296,5360
4297,3953
4298,6137
4299,1401
4300,9141
4301,3775
4302,4392
4303,1412
4304,3136
4305,576
4306,4608
4307,9949
4308,781
4309,9457
4310,3891
4311,2534
4312,1226
4313,4614
4314,1776
4315,1622
4316,2028
4317,9071
4318,5736
4319,5994
4320,408
4321,6524
4322,8078
4323,6412
4324,6827
4325,1707
4326,8676
4327,2289
4328,3283
4329,6130
4330,8792
4331,9819
4332,3071
4333,6461
4334,4310
4335,7282
4336,322
4337,8747
4338,668
4339,488
4340,4791
4341,405
4342,2121
4343,884
4344,9333
4345,450
4346,3234
4347,2404
4348,8348
4349,7803
4350,3784
4351,5374
4352,1753
4353,5642
4354,9568
4355,4015
4356,6823
4357,6917
4358,5871
4359,9473
4360,6663
4361,3411
4362,5013
4363,3893
4364,1154
4365,9071
4366,1679
4367,2004
4368,7311
4369,4322
4370,2008
4371,5268
4372,8671
4373,1228
4374,6218
4375,4521
4376,6747
4377,8229
4378,3820
4379,94
4380,26
4381,8012
4382,5278
4383,2962
4384,9458
4385,1666
4386,7153
4387,4832
4388,4936
4389,3269
4390,4479
4391,6670
4392,5140
4393,7650
4394,1528
4395,1846
4396,5222
4397,7625
4398,2700
4399,5226
4400,7070
4401,4273
4402,4509
4403,4225
4404,9042
4405,7177
4406,1798
4407,4917
4408,3463
4409,8226
4410,3145
4411,8700
4412,2626
4413,669
4414,7483
4415,4870
4416,5066
4417,1317
4418,7491
4419,5674
4420,6858
4421,8254
4422,5568
4423,642
4424,9860
4425,8068
4426,6959
4427,9587
4428,9994
4429,2758
4430,4344
4431,4036
4432,4987
4433,1315
4434,181
4435,9346
4436,6401
4437,1770
4438,3394
4439,8836
4440,4477
4441,3669
4442,872
4443,5831
4444,5091
4445,1239
4446,7382
4447,7361
4448,7555
4449,6101
4450,4737
4451,3548
4452,6663
4453,2181
4454,8256
4455,7862
4456,2843
4457,4716
4458,8041
4459,6841
4460,5871
4461,9571
4462,2733
4463,8719
4464,7808
4465,5626
4466,9639
4467,3853
4468,1256
4469,3241
4470,3958
4471,1233
4472,4777
4473,7185
4474,6170
4475,9356
4476,5372
4477,6607
4478,4213
4479,8192
4480,9604
4481,496
4482,540
4483,6333
4484,2703
4485,4314
4486,6741
4487,9039
4488,3791
4489,3742
4490,7976
4491,3052
4492,2740
4493,6319
4494,2612
4495,4644
4496,5412
4497,1664
4498,7469
4499,4700
4500,1875
4501,3065
4502,5649
4503,3347
4504,6502
4505,4242
4506,8922
4507,1120
4508,8175
4509,2036
4510,245
4511,6308
4512,2326
4513,2673
4514,4059
4515,4471
4516,582
4517,3378
4518,5932
4519,1984
4520,9674
4521,4817
4522,519
4523,3773
4524,465
4525,5680
4526,1945
4527,3590
4528,5974
4529,9712
4530,3080
4531,6212
4532,7043
4533,4692
4534,6855
4535,5721
4536,2973
4537,3098
4538,4392
4539,7853
4540,3119
4541,3434
4542,6934
4543,4837
4544,515
4545,1065
4546,2858
4547,1974
4548,2900
4549,9152
4550,9881
4551,7279
4552,9627
4553,391
4554,4033
4555,9040
4556,6359
4557,5535
4558,5442
4559,7230
4560,2748
4561,381
4562,2213
4563,4343
4564,4901
4565,4200
4566,3509
4567,2293
4568,3234
4569,811
4570,7077
4571,3292
4572,7139
4573,7399
4574,3986
4575,1624
4576,5721
4577,4625
4578,8003
4579,3132
4580,5487
4581,1162
4582,8951
4583,1695
4584,7206
4585,4720
4586,5173
4587,7620
4588,9586
4589,6054
4590,3814
4591,9464
4592,9864
4593,4706
4594,7976
4595,1526
4596,2856
4597,6151
4598,3128
4599,2774
4600,7324
4601,3400
4602,8127
4603,4893
4604,105
4605,3504
4606,9119
4607,5448
4608,2719
4609,1920
4610,2645
4611,7058
4612,9655
4613,4803
4614,4744
4615,9557
4616,5602
4617,4921
4618,2786
4619,599
4620,6531
4621,9798
4622,3316
4623,3447
4624,8742
4625,6714
4626,1157
4627,7783
4628,677
4629,5078
4630,8527
4631,5662
4632,3142
4633,2471
4634,6508
4635,3159
4636,5293
4637,4905
4638,5963
4639,9677
4640,4671
4641,1033
4642,8706
4643,1464
4644,2807
4645,2350
4646,9605
4647,7321
4648,3944
4649,5807
4650,3163
4651,5533
4652,2269
4653,6775
4654,6319
4655,6534
4656,4169
4657,9330
4658,5302
4659,5617
4660,6339
4661,1061
4662,4741
4663,1941
4664,7646
4665,6013
4666,7667
4667,7529
4668,7123
4669,5041
4670,4548
4671,5553
4672,138
4673,1081
4674,1188
4675,954
4676,7823
4677,3086
4678,6955
4679,4943
4680,7321
4681,1970
4682,8445
4683,6349
4684,7595
4685,3326
4686,9140
4687,5040
4688,8932
4689,1422
4690,4512
4691,1370
4692,7019
4693,131
4694,3866
4695,1344
4696,3933
4697,4584
4698,6341
4699,9849
4700,8798
4701,2502
4702,8729
4703,6559
4704,9804
4705,9484
4706,4292
4707,5066
4708,7482
4709,1748
4710,5672
4711,5968
4712,1843
4713,9042
4714,5824
4715,4907
4716,1429
4717,9802
4718,9303
4719,1219
4720,1621
4721,5774
4722,7742
4723,1823
4724,2761
4725,1535
4726,4457
4727,7236
4728,5043
4729,1160
4730,6396
4731,2168
4732,3997
4733,7794
4734,718
4735,1139
4736,601
4737,3395
4738,1817
4739,3025
4740,8647
4741,2165
4742,2215
4743,1072
4744,9938
4745,8333
4746,6949
4747,8701
4748,605
4749,1011
4750,471
4751,7963
4752,6805
4753,792
4754,9108
4755,7870
4756,1178
4757,7054
4758,5485
4759,9747
4760,7177
4761,5807
4762,7505
4763,1410
4764,8314
4765,8659
4766,5154
4767,4470
4768,7895
4769,8946
4770,5836
4771,5313
4772,7366
4773,4305
4774,4321
4775,6520
4776,3176
4777,9404
4778,8397
4779,2487
4780,8095
4781,843
4782,3373
4783,6702
4784,3094
4785,6256
4786,9707
4787,6690
4788,1997
4789,2253
4790,4185
4791,74
4792,9078
4793,1718
4794,5761
4795,4774
4796,4457
4797,2268
4798,610
4799,924
4800,637
4801,1419
4802,950
4803,2500
4804,7706
4805,6060
4806,2578
4807,5913
4808,5639
4809,9828
4810,4907
4811,4854
4812,2859
4813,4086
4814,6420
4815,6545
4816,2165
4817,8210
4818,281
4819,3953
4820,682
4821,1947
4822,4084
4823,4082
4824,9022
4825,92
4826,7087
4827,157
4828,5385
4829,9244
4830,1549
4831,5550
4832,6593
4833,7726
4834,8786
4835,1158
4836,3818
4837,3751
4838,9504
4839,6452
4840,3278
4841,5894
4842,5609
4843,1871
4844,5109
4845,401
4846,597
4847,4673
4848,8269
4849,6965
4850,6174
4851,2538
4852,2837
4853,2922
4854,7914
4855,3860
4856,7714
4857,8471
4858,8468
4859,7684
4860,4865
4861,2728
4862,8662
4863,7135
4864,805
4865,4012
4866,4681
4867,4241
4868,4147
4869,582
4870,1769
4871,7981
4872,196
4873,4054
4874,6684
4875,1697
4876,8352
4877,8680
4878,110
4879,1402
4880,1772
4881,7382
4882,697
4883,9672
4884,3719
4885,9473
4886,6261
4887,3662
4888,7392
4889,4245
4890,7876
4891,1237
4892,4737
4893,6390
4894,3742
4895,5199
4896,8854
4897,3488
4898,6076
4899,8123
4900,5689
4901,4639
4902,1459
4903,9590
4904,7578
4905,4779
4906,9637
4907,4159
4908,8478
4909,8990
4910,6491
4911,684
4912,9269
4913,1841
4914,1899
4915,1702
4916,2449
4917,9861
4918,3228
4919,1450
4920,6590
4921,3892
4922,9293
4923,5955
4924,7452
4925,8612
4926,4759
4927,5662
4928,2802
4929,2055
4930,160
4931,9764
4932,2299
4933,2892
4934,9997
4935,2632
4936,8127
4937,8489
4938,524
4939,233
4940,468
4941,490
4942,8022
4943,5562
4944,1955
4945,1479
4946,7368
4947,3560
4948,2773
4949,8523
4950,8536
4951,8298
4952,600
4953,435
4954,3870
4955,2431
4956,3952
4957,8709
4958,4786
4959,6610
4960,4227
4961,1518
4962,859
4963,3773
4964,7616
4965,8802
4966,9425
4967,9733
4968,5164
4969,4285
4970,5875
4971,7997
4972,3678
4973,149
4974,8245
4975,250
4976,4314
4977,4700
4978,6097
4979,3331
4980,2187
4981,6558
4982,2308
4983,7507
4984,8396
4985,8319
4986,4580
4987,9690
4988,8799
4989,9856
4990,8426
4991,347
4992,9147
4993,3298
4994,40
4995,8780
4996,8414
4997,1330
4998,8016
4999,742
5000,3110
5001,9105
5002,495
5003,8279
5004,8285
5005,7667
5006,2619
5007,6786
5008,5020
5009,6786
5010,69
5011,7609
5012,5471
5013,3827
5014,2465
5015,1426
5016,3750
5017,344
5018,9709
5019,1339
5020,800
5021,2782
5022,4391
5023,4765
5024,4698
5025,9747
5026,6424
5027,3953
5028,6979
5029,419
5030,7031
5031,6731
5032,3299
5033,7165
5034,5171
5035,9661
5036,4538
5037,5408
5038,4414
5039,8314
5040,4803
5041,9091
5042,806
5043,8932
5044,3170
5045,3563
5046,3370
5047,4348
5048,3454
5049,7158
5050,9071
5051,3218
5052,2804
5053,7836
5054,6817
5055,3354
5056,5383
5057,637
5058,6934
5059,6611
5060,9242
5061,9059
5062,9731
5063,9363
5064,4236
5065,1768
5066,340
5067,6220
5068,2878
5069,9406
5070,4750
5071,6121
5072,9269
5073,6295
5074,4961
5075,2800
5076,6992
5077,8216
5078,6171
5079,3579
5080,6505
5081,5322
5082,355
5083,3403
5084,1453
5085,4607
5086,6081
5087,8665
5088,5922
5089,8250
5090,3467
5091,8653
5092,7011
5093,5693
5094,6926
5095,2798
5096,7244
5097,6535
5098,3485
5099,1739
5100,9218
5101,8816
5102,2286
5103,137
5104,4711
5105,6951
5106,2934
5107,7011
5108,4145
5109,1150
5110,6017
5111,3831
5112,1637
5113,9333
5114,7316
5115,4953
5116,5533
5117,3698
5118,1591
5119,918
5120,8498
5121,7240
5122,5764
5123,5060
5124,4187
5125,5730
5126,1584
5127,386
5128,8516
5129,5166
5130,5278
5131,9756
5132,5578
5133,4010
5134,5668
5135,7692
5136,7002
5137,9581
5138,5844
5139,2389
5140,8464
5141,49
5142,8778
5143,9453
5144,6542
5145,7263
5146,2260
5147,5443
5148,8397
5149,8213
5150,4597
5151,4120
5152,9506
5153,4811
5154,6454
5155,8974
5156,3467
5157,1052
5158,3425
5159,3975
5160,5577
5161,9830
5162,9919
5163,9069
5164,2002
5165,658
5166,1975
5167,8178
5168,1473
5169,441
5170,9624
5171,426
5172,463
5173,6052
5174,4165
5175,7268
5176,8608
5177,746
5178,2847
5179,960
5180,6750
5181,2182
5182,2963
5183,4334
5184,8467
5185,227
5186,2331
5187,595
5188,4473
5189,1905
5190,4344
5191,5396
5192,6339
5193,4531
5194,7602
5195,4092
5196,4137
5197,9003
5198,4363
5199,2124
5200,3474
5201,8895
5202,5651
5203,1487
5204,409
5205,9388
5206,9663
5207,5600
5208,1965
5209,236
5210,4137
5211,142
5212,1831
5213,1590
5214,8483
5215,7274
5216,7706
5217,6309
5218,6918
5219,3485
5220,8913
5221,7864
5222,2609
5223,2904
5224,3354
5225,8193
5226,3877
5227,5000
5228,2613
5229,1325
5230,1509
5231,7988
5232,1627
5233,2185
5234,2471
5235,155
5236,4178
5237,1057
5238,3704
5239,9360
5240,6180
5241,7181
5242,851
5243,3145
5244,1037
5245,6717
5246,5150
5247,8082
5248,9597
5249,4028
5250,6915
5251,260
5252,3035
5253,213
5254,4007
5255,1031
5256,8431
5257,7198
5258,5190
5259,8409
5260,7578
5261,9314
5262,6020
5263,48
5264,7930
5265,2729
5266,2092
5267,732
5268,1609
5269,422
5270,1617
5271,5095
5272,5757
5273,1367
5274,7692
5275,5718
5276,5493
5277,9933
5278,4582
5279,9669
5280,8875
5281,8630
5282,4461
5283,4062
5284,9839
5285,5768
5286,1500
5287,414
5288,1497
5289,4943
5290,4227
5291,4326
5292,4269
5293,6833
5294,2054
5295,1615
5296,5393
5297,8512
5298,6962
5299,5590
5300,8045
5301,6623
5302,5195
5303,4870
5304,4404
5305,6569
5306,2304
5307,3321
5308,7967
5309,2686
5310,5132
5311,4502
5312,962
5313,5253
5314,993
5315,761
5316,992
5317,5675
5318,6141
5319,8824
5320,6177
5321,683
5322,6756
5323,4261
5324,757
5325,5662
5326,3275
5327,3077
5328,2692
5329,560
5330,4653
5331,8683
5332,9238
5333,8618
5334,3879
5335,3986
5336,5187
5337,8715
5338,7265
5339,7062
5340,5446
5341,7111
5342,3262
5343,9054
5344,2359
5345,8413
5346,760
5347,2724
5348,8335
5349,3683
5350,7883
5351,1046
5352,4230
5353,976
5354,5775
5355,5302
5356,1395
5357,2453
5358,7565
5359,3167
5360,6290
5361,8076
5362,194
5363,9769
5364,2029
5365,6778
5366,2464
5367,5209
5368,994
5369,9714
5370,1211
5371,9437
5372,6077
5373,4935
5374,5984
5375,475
5376,2574
5377,4118
5378,1669
5379,3248
5380,2048
5381,5910
5382,2354
5383,1643
5384,5895
5385,6468
5386,7498
5387,9036
5388,4983
5389,5262
5390,2069
5391,5075
5392,1738
5393,5705
5394,7495
5395,1662
5396,4748
5397,4830
5398,1731
5399,4737
5400,9028
5401,4649
5402,5098
5403,4192
5404,688
5405,6975
5406,1126
5407,8676
5408,6735
5409,2805
5410,4911
5411,8051
5412,3305
5413,6365
5414,7228
5415,5567
5416,2061
5417,7535
5418,2505
5419,5340
5420,6875
5421,4703
5422,6650
5423,3618
5424,1576
5425,5054
5426,3685
5427,7857
5428,7746
5429,2927
5430,4220
5431,5396
5432,5034
5433,2333
5434,349
5435,9719
5436,2629
5437,6278
5438,6359
5439,9376
5440,8565
5441,361
5442,896
5443,1347
5444,1162
5445,4885
5446,4490
5447,7773
5448,8549
5449,5257
5450,6016
5451,5575
5452,8983
5453,5680
5454,4301
5455,573
5456,1147
5457,4904
5458,6660
5459,580
5460,608
5461,8516
5462,1240
5463,288
5464,1909
5465,9368
5466,2352
5467,6650
5468,886
5469,5201
5470,8324
5471,5186
5472,4676
5473,6524
5474,7828
5475,132
5476,2281
5477,4943
5478,4722
5479,7553
5480,9690
5481,3577
5482,8403
5483,9322
5484,5461
5485,2709
5486,5306
5487,8200
5488,1078
5489,2389
5490,7150
5491,1931
5492,5868
5493,2160
5494,7324
5495,6211
5496,9696
5497,9732
5498,2389
5499,6011
5500,620
5501,4025
5502,5208
5503,8546
5504,3841
5505,3265
5506,3755
5507,9671
5508,663
5509,2008
5510,6699
5511,1220
5512,6481
5513,4225
5514,4136
5515,4141
5516,1528
5517,8033
5518,9281
5519,7790
5520,9602
5521,2156
5522,4106
5523,6267
5524,6800
5525,9421
5526,4658
5527,3125
5528,4002
5529,4538
5530,3025
5531,2862
5532,795
5533,343
5534,9624
5535,8329
5536,4352
5537,7759
5538,1812
5539,1148
5540,4218
5541,2373
5542,2903
5543,6597
5544,521
5545,7275
5546,6048
5547,3071
5548,4585
5549,3600
5550,3098
5551,8593
5552,3697
5553,5387
5554,8716
5555,6923
5556,6796
5557,5002
5558,9137
5559,3642
5560,6803
5561,379
5562,1151
5563,3295
5564,5582
5565,1231
5566,604
5567,83
5568,8806
5569,9964
5570,6165
5571,1189
5572,9236
5573,4296
5574,1663
5575,418
5576,8502
5577,8311
5578,4195
5579,944
5580,2839
5581,2207
5582,8060
5583,5965
5584,4163
5585,7288
5586,3425
5587,4090
5588,3091
5589,4975
5590,6848
5591,7571
5592,8928
5593,2597
5594,9129
5595,7985
5596,617
5597,4482
5598,3384
5599,7169
5600,987
5601,7338
5602,3303
5603,2154
5604,5807
5605,67
5606,5020
5607,3390
5608,4379
5609,1170
5610,2084
5611,2328
5612,1140
5613,7823
5614,9199
5615,952
5616,3061
5617,8833
5618,5460
5619,3080
5620,1570
5621,5553
5622,4171
5623,3510
5624,1385
5625,6892
5626,8979
5627,9319
5628,3899
5629,2007
5630,4121
5631,2225
5632,7372
5633,6878
5634,6349
5635,8329
5636,3742
5637,6972
5638,9779
5639,8775
5640,4276
5641,3451
5642,7717
5643,4025
5644,6007
5645,7348
5646,3140
5647,2145
5648,5606
5649,9647
5650,3140
5651,5031
5652,5799
5653,4498
5654,4027
5655,4964
5656,186
5657,2184
5658,9735
5659,8954
5660,7363
5661,1159
5662,7343
5663,7252
5664,6509
5665,9593
5666,1438
5667,3856
5668,7324
5669,3373
5670,6702
5671,7527
5672,5276
5673,2991
5674,7735
5675,2180
5676,974
5677,7573
5678,41
5679,7188
5680,2869
5681,1838
5682,9482
5683,5080
5684,5614
5685,9656
5686,3040
5687,5526
5688,5895
5689,8500
5690,3169
5691,172
5692,5333
5693,3978
5694,7027
5695,9780
5696,8468
5697,5369
5698,9237
5699,2271
5700,8837
5701,2366
5702,7062
5703,6965
5704,4233
5705,2110
5706,9749
5707,9668
5708,4382
5709,5469
5710,7076
5711,8439
5712,4168
5713,1195
5714,5912
5715,7394
5716,7139
5717,5080
5718,7360
5719,8375
5720,3695
5721,2226
5722,1023
5723,8445
5724,6247
5725,7119
5726,896
5727,4917
5728,6873
5729,528
5730,8486
5731,4667
5732,5201
5733,3405
5734,5354
5735,6139
5736,3437
5737,107
5738,47
5739,8384
5740,3761
5741,1171
5742,5944
5743,5296
5744,4477
5745,5847
5746,9254
5747,4537
5748,6926
5749,6415
5750,8538
5751,8134
5752,9890
5753,8871
5754,2302
5755,7710
5756,6607
5757,9679
5758,596
5759,1783
5760,173
5761,8110
5762,1806
5763,2641
5764,3331
5765,2309
5766,8434
5767,8875
5768,4441
5769,3702
5770,940
5771,1418
5772,3910
5773,1692
5774,6512
5775,2595
5776,2200
5777,4248
5778,8655
5779,2494
5780,5834
5781,9637
5782,7883
5783,9917
5784,8938
5785,244
5786,4050
5787,9993
5788,7240
5789,8206
5790,2167
5791,55
5792,5455
5793,900
5794,6346
5795,8685
5796,3363
5797,7269
5798,798
5799,3113
5800,7307
5801,2492
5802,3250
5803,7514
5804,549
5805,3922
5806,4428
5807,4705
5808,1494
5809,3040
5810,2477
5811,2305
5812,587
5813,8949
5814,8574
5815,6044
5816,4658
5817,7502
5818,4722
5819,2815
5820,7791
5821,5788
5822,3727
5823,9432
5824,1857
5825,4441
5826,8790
5827,9025
5828,4133
5829,5058
5830,698
5831,4665
5832,1557
5833,6615
5834,9894
5835,6836
5836,5434
5837,7024
5838,397
5839,2435
5840,4865
5841,6807
5842,6670
5843,1532
5844,4883
5845,2644
5846,7828
5847,557
5848,4407
5849,7989
5850,1534
5851,3667
5852,7805
5853,3490
5854,659
5855,5393
5856,5476
5857,4382
5858,1076
5859,2723
5860,979
5861,3567
5862,4040
5863,147
5864,3936
5865,584
5866,9572
5867,7188
5868,3967
5869,8167
5870,1727
5871,9886
5872,3078
5873,4285
5874,3019
5875,5995
5876,8802
5877,4309
5878,7759
5879,7038
5880,4422
5881,6159
5882,8799
5883,5024
5884,3864
5885,4870
5886,4174
5887,7903
5888,6939
5889,530
5890,7859
5891,5955
5892,4292
5893,2220
5894,1895
5895,2749
5896,909
5897,6028
5898,3236
5899,2210
5900,3874
5901,7845
5902,3526
5903,8271
5904,5313
5905,4024
5906,2817
5907,8202
5908,1391
5909,7038
5910,8640
5911,95
5912,2631
5913,6087
5914,9910
5915,4392
5916,7879
5917,7850
5918,7338
5919,2441
5920,789
5921,770
5922,8442
5923,5570
5924,2897
5925,7805
5926,5895
5927,4653
5928,2190
5929,3106
5930,3156
5931,4058
5932,3504
5933,7855
5934,6778
5935,6604
5936,128
5937,9927
5938,6632
5939,4403
5940,9579
5941,6947
5942,162
5943,2163
5944,2950
5945,6381
5946,898
5947,8845
5948,2760
5949,7387
5950,9710
5951,4542
5952,9178
5953,2670
5954,6724
5955,7036
5956,9055
5957,788
5958,4977
5959,5600
5960,9621
5961,3447
5962,6764
5963,4070
5964,7941
5965,4731
5966,589
5967,1469
5968,2582
5969,5745
5970,1327
5971,9846
5972,8274
5973,1961
5974,3212
5975,1887
5976,3572
5977,4587
5978,8969
5979,3222
5980,5662
5981,2813
5982,2197
5983,5289
5984,7095
5985,2214
5986,3182
5987,6215
5988,7976
5989,7621
5990,3692
5991,9223
5992,6156
5993,5043
5994,1014
5995,4732
5996,9044
5997,6766
5998,9676
5999,7892
6000,7782
6001,660
6002,3386
6003,8295
6004,6529
6005,9947
6006,1623
6007,3102
6008,7923
6009,1068
6010,2539
6011,8212
6012,8134
6013,6812
6014,6859
6015,5926
6016,310
6017,6250
6018,5885
6019,7454
6020,1238
6021,4668
6022,1700
6023,58
6024,5479
6025,3571
6026,300
6027,3443
6028,2452
6029,8898
6030,8753
6031,5848
6032,1385
6033,6201
6034,97
6035,8935
6036,9336
6037,1281
6038,8994
6039,4371
6040,1917
6041,513
6042,4503
6043,1591
6044,1764
6045,9897
6046,5118
6047,6663
6048,4142
6049,7898
6050,3476
6051,2091
6052,9349
6053,9805
6054,5669
6055,4695
6056,8279
6057,6670
6058,9702
6059,2968
6060,8647
6061,6152
6062,9759
6063,4784
6064,6204
6065,4857
6066,7399
6067,9231
6068,2682
6069,460
6070,1168
6071,5615
6072,9773
6073,891
6074,7664
6075,8235
6076,1970
6077,3055
6078,7217
6079,3523
6080,7700
6081,3308
6082,2330
6083,1129
6084,7706
6085,5779
6086,6705
6087,5180
6088,8786
6089,2829
6090,6554
6091,5479
6092,505
6093,5657
6094,3590
6095,9869
6096,3784
6097,4318
6098,4417
6099,5618
6100,5787
6101,7007
6102,2994
6103,1324
6104,592
6105,664
6106,6801
6107,7797
6108,2136
6109,6862
6110,8047
6111,5885
6112,2429
6113,7131
6114,6844
6115,4444
6116,2124
6117,5319
6118,2377
6119,4054
6120,3258
6121,6944
6122,6668
6123,3638
6124,2739
6125,7495
6126,1232
6127,6574
6128,8474
6129,9826
6130,8521
6131,3570
6132,9063
6133,8093
6134,9456
6135,8779
6136,8687
6137,5251
6138,5556
6139,2445
6140,6464
6141,5218
6142,8829
6143,1406
6144,9865
6145,4574
6146,6466
6147,5070
6148,2191
6149,5348
6150,119
6151,1952
6152,4134
6153,3638
6154,9985
6155,3319
6156,6111
6157,6273
6158,2198
6159,2871
6160,3365
6161,9491
6162,4940
6163,3533
6164,6318
6165,3339
6166,6809
6167,1266
6168,9507
6169,4422
6170,4290
6171,2292
6172,6001
6173,7133
6174,6258
6175,656
6176,5604
6177,9111
6178,235
6179,3853
6180,9579
6181,7819
6182,927
6183,1477
6184,1311
6185,6117
6186,7592
6187,4066
6188,743
6189,5296
6190,4109
6191,7452
6192,2168
6193,2934
6194,5902
6195,6569
6196,7442
6197,9957
6198,6306
6199,2745
6200,3582
6201,4885
6202,2968
6203,2836
6204,866
6205,8996
6206,9896
6207,5588
6208,8316
6209,1187
6210,1594
6211,6593
6212,5348
6213,2140
6214,1362
6215,6192
6216,7726
6217,2678
6218,6435
6219,6078
6220,9383
6221,4640
6222,4053
6223,3343
6224,1048
6225,9228
6226,3058
6227,9034
6228,8010
6229,5856
6230,2221
6231,8695
6232,2959
6233,634
6234,1982
6235,858
6236,85
6237,3603
6238,3535
6239,4964
6240,2215
6241,9359
6242,9592
6243,9951
6244,8655
6245,5701
6246,1581
6247,7436
6248,4703
6249,4079
6250,5010
6251,4382
6252,6986
6253,8009
6254,7989
6255,1439
6256,8449
6257,4348
6258,2133
6259,6548
6260,1254
6261,8872
6262,2294
6263,3012
6264,2456
6265,331
6266,8524
6267,6949
6268,7553
6269,7142
6270,5096
6271,2670
6272,8586
6273,5115
6274,312
6275,1365
6276,7086
6277,8019
6278,2853
6279,5707
6280,1721
6281,2461
6282,834
6283,3838
6284,400
6285,8833
6286,3031
6287,9576
6288,2428
6289,9370
6290,1946
6291,8735
6292,298
6293,7571
6294,9614
6295,622
6296,7036
6297,4542
6298,1899
6299,4593
6300,6045
6301,8260
6302,3926
6303,621
6304,1472
6305,7756
6306,4881
6307,4189
6308,5008
6309,1913
6310,1819
6311,9015
6312,6562
6313,498
6314,1234
6315,294
6316,9723
6317,8668
6318,9583
6319,7527
6320,3931
6321,9889
6322,1269
6323,5338
6324,7024
6325,5134
6326,5487
6327,3794
6328,5140
6329,2955
6330,8862
6331,8409
6332,1720
6333,3134
6334,7719
6335,5779
6336,8923
6337,7109
6338,289
6339,7836
6340,5891
6341,3460
6342,9529
6343,8958
6344,4282
6345,6645
6346,4417
6347,8421
6348,7185
6349,9729
6350,4778
6351,9936
6352,5978
6353,5262
6354,9330
6355,9430
6356,3149
6357,5515
6358,2386
6359,1206
6360,964
6361,7650
6362,3494
6363,6439
6364,4236
6365,7616
6366,5060
6367,9713
6368,7778
6369,8231
6370,9492
6371,5192
6372,2744
6373,3858
6374,9857
6375,4446
6376,206
6377,2257
6378,7899
6379,7433
6380,8516
6381,745
6382,7058
6383,8049
6384,9611
6385,4796
6386,8565
6387,8156
6388,8831
6389,876
6390,4322
6391,5431
6392,7628
6393,8565
6394,477
6395,4432
6396,1177
6397,4735
6398,8554
6399,2096
6400,5438
6401,6394
6402,1118
6403,2426
6404,5019
6405,1884
6406,9683
6407,4925
6408,9585
6409,9248
6410,8285
6411,9518
6412,3420
6413,4526
6414,4065
6415,1664
6416,6546
6417,143
6418,7244
6419,5433
6420,623
6421,5443
6422,7422
6423,8397
6424,5613
6425,9038
6426,2459
6427,936
6428,2506
6429,7304
6430,1970
6431,3519
6432,9782
6433,1003
6434,5578
6435,1055
6436,5231
6437,8458
6438,9880
6439,7150
6440,5875
6441,4124
6442,5785
6443,2841
6444,234
6445,1965
6446,7802
6447,7017
6448,351
6449,3373
6450,8250
6451,3344
6452,3334
6453,3180
6454,8683
6455,1047
6456,7590
6457,9087
6458,8456
6459,5386
6460,4992
6461,2861
6462,8450
6463,871
6464,6593
6465,492
6466,8188
6467,2859
6468,2931
6469,9945
6470,4224
6471,5859
6472,6369
6473,2087
6474,3478
6475,6292
6476,731
6477,5175
6478,8596
6479,3370
6480,5540
6481,2852
6482,3993
6483,2543
6484,9875
6485,7510
6486,385
6487,5199
6488,1260
6489,86
6490,4086
6491,8078
6492,3981
6493,7256
6494,4176
6495,5136
6496,2151
6497,7490
6498,3872
6499,5928
6500,4658
6501,853
6502,6030
6503,9482
6504,1994
6505,1549
6506,1917
6507,1373
6508,1787
6509,2593
6510,88
6511,1753
6512,3597
6513,691
6514,4243
6515,6840
6516,7387
6517,6884
6518,7987
6519,2886
6520,1689
6521,8143
6522,5971
6523,9589
6524,1933
6525,1223
6526,2081
6527,5742
6528,939
6529,9761
6530,5109
6531,5752
6532,8508
6533,2880
6534,2020
6535,2104
6536,1189
6537,7071
6538,9425
6539,5827
6540,3887
6541,8388
6542,8815
6543,4404
6544,9413
6545,633
6546,9445
6547,7882
6548,7870
6549,5274
6550,1548
6551,247
6552,192
6553,3887
6554,890
6555,3395
6556,2907
6557,6066
6558,5464
6559,3646
6560,3724
6561,2173
6562,4251
6563,2106
6564,9460
6565,1993
6566,1155
6567,6734
6568,6406
6569,4498
6570,4779
6571,4416
6572,8890
6573,7078
6574,3913
6575,6575
6576,1602
6577,4096
6578,8804
6579,7926
6580,750
6581,8285
6582,6930
6583,7285
6584,9353
6585,5098
6586,9545
6587,4004
6588,2038
6589,4861
6590,3799
6591,6769
6592,9387
6593,219
6594,6367
6595,9900
6596,7587
6597,670
6598,730
6599,1510
6600,4109
6601,4520
6602,1216
6603,1040
6604,5917
6605,9322
6606,436
6607,7842
6608,3051
6609,6420
6610,8919
6611,9363
6612,8074
6613,9817
6614,7725
6615,3260
6616,6652
6617,8016
6618,5313
6619,2601
6620,7635
6621,9925
6622,9635
6623,9036
6624,6190
6625,3872
6626,3736
6627,3874
6628,3823
6629,6783
6630,4981
6631,4649
6632,2420
6633,7404
6634,4853
6635,8468
6636,9992
6637,292
6638,2319
6639,2174
6640,9155
6641,2289
6642,1049
6643,9343
6644,3565
6645,3432
6646,2528
6647,7031
6648,2073
6649,5640
6650,6687
6651,8906
6652,6069
6653,7681
6654,9390
6655,2831
6656,1611
6657,4695
6658,507
6659,5751
6660,9293
6661,7514
6662,7967
6663,9660
6664,267
6665,1565
6666,9228
6667,2117
6668,9199
6669,955
6670,5481
6671,4728
6672,6615
6673,2077
6674,8131
6675,8932
6676,6008
6677,1284
6678,8243
6679,9538
6680,9277
6681,4414
6682,1745
6683,8095
6684,640
6685,6562
6686,2674
6687,8372
6688,738
6689,4339
6690,7442
6691,3783
6692,1302
6693,6313
6694,7510
6695,1300
6696,8734
6697,9132
6698,3145
6699,8224
6700,7457
6701,2424
6702,2911
6703,2026
6704,4071
6705,7052
6706,7543
6707,2359
6708,7562
6709,7839
6710,9989
6711,3442
6712,5276
6713,6422
6714,2967
6715,1713
6716,320
6717,4750
6718,6769
6719,1942
6720,7065
6721,357
6722,4876
6723,754
6724,5206
6725,8285
6726,2345
6727,2901
6728,9105
6729,6461
6730,6721
6731,8662
6732,8989
6733,9549
6734,4461
6735,6104
6736,696
6737,4547
6738,7667
6739,5550
6740,6095
6741,1771
6742,4327
6743,648
6744,2827
6745,3435
6746,7078
6747,7153
6748,2138
6749,4863
6750,1137
6751,815
6752,3704
6753,7153
6754,2507
6755,8928
6756,3694
6757,2250
6758,5712
6759,7874
6760,326
6761,1371
6762,2422
6763,341
6764,3646
6765,6347
6766,2137
6767,4143
6768,9199
6769,2239
6770,1507
6771,1841
6772,3541
6773,4841
6774,4954
6775,4300
6776,2551
6777,5418
6778,1835
6779,1136
6780,8481
6781,8493
6782,5070
6783,1861
6784,3961
6785,1922
6786,1538
6787,9873
6788,625
6789,4577
6790,895
6791,8195
6792,6236
6793,8169
6794,9451
6795,2768
6796,8442
6797,7483
6798,3256
6799,6450
6800,4040
6801,1942
6802,8784
6803,4248
6804,7967
6805,3412
6806,8764
6807,7926
6808,8816
6809,5207
6810,2413
6811,1333
6812,2457
6813,8223
6814,1922
6815,7786
6816,520
6817,5714
6818,5249
6819,3946
6820,8761
6821,6499
6822,395
6823,8391
6824,2617
6825,263
6826,8946
6827,8784
6828,4296
6829,720
6830,7883
6831,737
6832,5491
6833,330
6834,6104
6835,8220
6836,2802
6837,3005
6838,9906
6839,7416
6840,7836
6841,1006
6842,2945
6843,744
6844,7321
6845,7633
6846,5753
6847,2524
6848,7487
6849,8347
6850,9643
6851,5318
6852,5913
6853,881
6854,5649
6855,7783
6856,9262
6857,6782
6858,9796
6859,1759
6860,8935
6861,8918
6862,7169
6863,2973
6864,9256
6865,4104
6866,459
6867,1572
6868,6947
6869,1624
6870,6280
6871,252
6872,3604
6873,8859
6874,2098
6875,708
6876,3331
6877,7881
6878,8887
6879,3435
6880,9135
6881,3121
6882,1538
6883,2920
6884,3469
6885,1655
6886,6597
6887,2132
6888,9272
6889,8546
6890,3790
6891,2648
6892,9335
6893,6156
6894,5131
6895,6866
6896,9510
6897,4134
6898,1249
6899,3118
6900,8359
6901,5747
6902,339
6903,4996
6904,8752
6905,9248
6906,7139
6907,5173
6908,392
6909,1654
6910,1929
6911,3657
6912,7543
6913,3964
6914,8191
6915,776
6916,5861
6917,9125
6918,3454
6919,9494
6920,2112
6921,1789
6922,5815
6923,5185
6924,6264
6925,46
6926,5223
6927,5103
6928,6092
6929,4282
6930,3220
6931,4213
6932,3843
6933,4732
6934,232
6935,2149
6936,2115
6937,5292
6938,3631
6939,7519
6940,7883
6941,5355
6942,7613
6943,6198
6944,7231
6945,2323
6946,9284
6947,3337
6948,3321
6949,6336
6950,6428
6951,5620
6952,6036
6953,3625
6954,4489
6955,8450
6956,648
6957,8464
6958,356
6959,8981
6960,5920
6961,3136
6962,7104
6963,9775
6964,3289
6965,7907
6966,7376
6967,3447
6968,3679
6969,1931
6970,9661
6971,2474
6972,564
6973,1552
6974,5280
6975,228
6976,1733
6977,6881
6978,3043
6979,7597
6980,5345
6981,6290
6982,1777
6983,1373
6984,9085
6985,969
6986,2662
6987,8599
6988,2980
6989,3726
6990,9646
6991,9652
6992,3612
6993,9460
6994,4149
6995,5374
6996,1337
6997,5797
6998,87
6999,2270
7000,4560
7001,4567
7002,7051
7003,814
7004,5888
7005,6654
7006,5357
7007,7399
7008,34
7009,5082
7010,4236
7011,5112
7012,5092
7013,5675
7014,8006
7015,799
7016,7137
7017,1975
7018,6286
7019,518
7020,6130
7021,483
7022,6640
7023,585
7024,1307
7025,3851
7026,7436
7027,2617
7028,4676
7029,1165
7030,7366
7031,1834
7032,2599
7033,9007
7034,10000
7035,9321
7036,2524
7037,5909
7038,7226
7039,7419
7040,6675
7041,3653
7042,1430
7043,7945
7044,9789
7045,3083
7046,3244
7047,8430
7048,5917
7049,9254
7050,3312
7051,3765
7052,2141
7053,2438
7054,9117
7055,7095
7056,51
7057,6114
7058,3969
7059,8416
7060,7578
7061,8729
7062,7203
7063,739
7064,2977
7065,9145
7066,7681
7067,2314
7068,7960
7069,6831
7070,9021
7071,2341
7072,2924
7073,2202
7074,903
7075,7845
7076,2662
7077,108
7078,6873
7079,1383
7080,6390
7081,9381
7082,6821
7083,8248
7084,1651
7085,8949
7086,5999
7087,2714
7088,6424
7089,7831
7090,6636
7091,1927
7092,27
7093,2809
7094,2686
7095,6520
7096,209
7097,165
7098,8695
7099,4015
7100,6386
7101,4366
7102,7957
7103,2193
7104,2015
7105,2086
7106,6036
7107,3260
7108,8549
7109,4452
7110,2069
7111,8305
7112,7640
7113,2656
7114,9017
7115,2053
7116,2796
7117,5469
7118,707
7119,2871
7120,3538
7121,2339
7122,6507
7123,703
7124,70
7125,1505
7126,7589
7127,6435
7128,113
7129,2729
7130,3136
7131,9434
7132,4071
7133,2163
7134,8712
7135,5161
7136,1104
7137,8238
7138,8878
7139,9399
7140,7910
7141,9784
7142,3842
7143,2253
7144,2408
7145,8458
7146,4996
7147,8653
7148,6818
7149,406
7150,9888
7151,8771
7152,9475
7153,6851
7154,499
7155,1399
7156,5482
7157,9851
7158,8219
7159,373
7160,1880
7161,6140
7162,1270
7163,6801
7164,3319
7165,5782
7166,4844
7167,2333
7168,7609
7169,1275
7170,1792
7171,3707
7172,1030
7173,9416
7174,8231
7175,5510
7176,3161
7177,9696
7178,7106
7179,6980
7180,8193
7181,5992
7182,963
7183,5031
7184,1916
7185,9664
7186,9723
7187,1035
7188,2788
7189,4031
7190,1850
7191,5049
7192,376
7193,126
7194,3915
7195,8419
7196,5499
7197,3933
7198,3669
7199,8144
7200,8763
7201,5608
7202,3272
7203,1691
7204,8721
7205,218
7206,5451
7207,4044
7208,1743
7209,729
7210,2422
7211,3347
7212,2700
7213,1092
7214,6232
7215,6297
7216,5988
7217,4100
7218,9273
7219,991
7220,2064
7221,5833
7222,2867
7223,4829
7224,2252
7225,3847
7226,7879
7227,3440
7228,1840
7229,5485
7230,8808
7231,3712
7232,7679
7233,3724
7234,9890
7235,6148
7236,8113
7237,7703
7238,1189
7239,8768
7240,4702
7241,1683
7242,6634
7243,2305
7244,3009
7245,9578
7246,9408
7247,4880
7248,1617
7249,7192
7250,31
7251,7181
7252,6885
7253,8409
7254,9537
7255,2420
7256,7638
7257,4698
7258,4926
7259,5517
7260,9117
7261,7361
7262,1067
7263,2736
7264,7250
7265,8955
7266,5542
7267,725
7268,4178
7269,6267
7270,1947
7271,1445
7272,4868
7273,2355
7274,9341
7275,6040
7276,4610
7277,2
7278,510
7279,4606
7280,4207
7281,7092
7282,5132
7283,346
7284,6199
7285,3116
7286,90
7287,3507
7288,6663
7289,1967
7290,3775
7291,1358
7292,9524
7293,7648
7294,9499
7295,940
7296,5859
7297,8226
7298,9687
7299,5411
7300,2573
7301,7626
7302,8141
7303,2448
7304,1657
7305,2404
7306,4389
7307,6823
7308,8624
7309,8339
7310,9055
7311,666
7312,3850
7313,8966
7314,7460
7315,1185
7316,7860
7317,200
7318,8531
7319,1084
7320,1310
7321,511
7322,4916
7323,9022
7324,9525
7325,1457
7326,8474
7327,3668
7328,7621
7329,968
7330,1566
7331,9087
7332,2073
7333,7292
7334,3779
7335,5340
7336,6888
7337,8646
7338,7129
7339,3273
7340,4243
7341,120
7342,1555
7343,1004
7344,52
7345,7275
7346,641
7347,4318
7348,8308
7349,5782
7350,369
7351,1692
7352,6581
7353,7356
7354,1264
7355,882
7356,4196
7357,7755
7358,6768
7359,5799
7360,9681
7361,3437
7362,413
7363,1392
7364,3929
7365,7791
7366,4845
7367,8756
7368,9961
7369,4358
7370,7312
7371,9240
7372,3910
7373,6141
7374,7016
7375,3903
7376,8285
7377,3047
7378,1735
7379,7546
7380,6998
7381,9599
7382,3328
7383,1734
7384,1413
7385,8230
7386,9066
7387,7730
7388,9885
7389,3617
7390,3823
7391,3258
7392,4022
7393,4189
7394,9631
7395,1989
7396,7587
7397,9728
7398,3688
7399,1523
7400,1286
7401,3427
7402,2834
7403,6242
7404,3420
7405,2236
7406,5345
7407,2020
7408,3308
7409,7060
7410,1110
7411,1628
7412,207
7413,8833
7414,398
7415,7567
7416,266
7417,7543
7418,1293
7419,3727
7420,7148
7421,5606
7422,3714
7423,1767
7424,3532
7425,9289
7426,8958
7427,6060
7428,8176
7429,9470
7430,7109
7431,4033
7432,8549
7433,8090
7434,5330
7435,9001
7436,7009
7437,5508
7438,4820
7439,4357
7440,1832
7441,8720
7442,9513
7443,1962
7444,4759
7445,6992
7446,6344
7447,6686
7448,7719
7449,4475
7450,9608
7451,7692
7452,2733
7453,1334
7454,6878
7455,9525
7456,797
7457,5209
7458,5678
7459,9346
7460,3194
7461,8490
7462,7176
7463,2463
7464,4999
7465,7508
7466,8492
7467,6893
7468,8915
7469,4961
7470,8516
7471,9968
7472,531
7473,7691
7474,5503
7475,780
7476,7514
7477,774
7478,8060
7479,7290
7480,9616
7481,3392
7482,7428
7483,3794
7484,3347
7485,759
7486,1670
7487,817
7488,2560
7489,6644
7490,153
7491,4441
7492,9908
7493,7038
7494,6742
7495,7253
7496,6448
7497,9217
7498,512
7499,3632
7500,2587
7501,2415
7502,5768
7503,3459
7504,4594
7505,3836
7506,948
7507,2376
7508,5620
7509,5585
7510,2840
7511,9699
7512,1289
7513,9127
7514,1075
7515,9916
7516,7206
7517,719
7518,9352
7519,428
7520,4837
7521,7468
7522,6604
7523,9909
7524,1184
7525,4390
7526,9568
7527,7509
7528,106
7529,8202
7530,5171
7531,2537
7532,5369
7533,3201
7534,5215
7535,3194
7536,215
7537,5529
7538,7419
7539,6895
7540,9703
7541,2657
7542,8131
7543,8381
7544,1960
7545,301
7546,2353
7547,5136
7548,9317
7549,5253
7550,4287
7551,8722
7552,860
7553,4074
7554,5270
7555,4408
7556,1395
7557,1477
7558,7855
7559,2736
7560,2403
7561,9139
7562,3736
7563,7056
7564,879
7565,8356
7566,464
7567,1250
7568,5046
7569,5568
7570,2764
7571,3359
7572,1395
7573,848
7574,902
7575,6489
7576,5754
7577,8102
7578,6797
7579,9942
7580,828
7581,8770
7582,7397
7583,1553
7584,1780
7585,1319
7586,1997
7587,5270
7588,481
7589,6655
7590,3362
7591,2023
7592,7260
7593,1546
7594,6890
7595,6711
7596,1369
7597,901
7598,6349
7599,6299
7600,1201
7601,9048
7602,9327
7603,6619
7604,2042
7605,2755
7606,4059
7607,9278
7608,7942
7609,472
7610,4467
7611,4811
7612,8977
7613,1169
7614,3942
7615,4452
7616,9699
7617,3657
7618,4617
7619,4708
7620,7770
7621,9193
7622,3927
7623,3758
7624,2311
7625,2060
7626,8120
7627,8637
7628,7631
7629,8156
7630,4756
7631,8611
7632,7951
7633,9806
7634,6311
7635,2886
7636,3654
7637,4849
7638,3368
7639,280
7640,7146
7641,121
7642,6653
7643,2712
7644,8854
7645,9155
7646,1589
7647,445
7648,6476
7649,5166
7650,9734
7651,4881
7652,4640
7653,563
7654,8717
7655,6600
7656,6943
7657,4040
7658,5576
7659,9501
7660,7309
7661,8626
7662,9564
7663,5337
7664,4625
7665,9302
7666,7031
7667,8599
7668,8630
7669,7131
7670,5338
7671,1647
7672,821
7673,643
7674,2653
7675,3608
7676,8359
7677,9165
7678,2001
7679,5422
7680,8586
7681,2373
7682,1901
7683,1202
7684,1488
7685,2770
7686,6156
7687,3596
7688,4825
7689,2642
7690,5309
7691,8962
7692,3516
7693,6301
7694,6501
7695,6980
7696,7774
7697,1689
7698,869
7699,1638
7700,7124
7701,4408
7702,7312
7703,7332
7704,8668
7705,7578
7706,4054
7707,8186
7708,1431
7709,1390
7710,699
7711,1317
7712,766
7713,7737
7714,3017
7715,3213
7716,652
7717,432
7718,8693
7719,2072
7720,7974
7721,6807
7722,8445
7723,9998
7724,5799
7725,1604
7726,9678
7727,8210
7728,1457
7729,7524
7730,8271
7731,9791
7732,5955
7733,17
7734,1984
7735,4685
7736,8621
7737,6082
7738,1424
7739,4917
7740,4157
7741,6823
7742,810
7743,5112
7744,543
7745,2985
7746,4096
7747,8826
7748,5736
7749,6058
7750,3554
7751,673
7752,3856
7753,1506
7754,8099
7755,7379
7756,2162
7757,1446
7758,4143
7759,8902
7760,5959
7761,7020
7762,306
7763,2891
7764,2485
7765,8978
7766,6372
7767,2812
7768,2613
7769,1378
7770,305
7771,4770
7772,6789
7773,884
7774,6922
7775,2818
7776,9512
7777,8243
7778,1428
7779,3770
7780,5863
7781,1750
7782,9775
7783,3904
7784,945
7785,8890
7786,4622
7787,7550
7788,4759
7789,7074
7790,517
7791,1696
7792,7533
7793,7248
7794,3199
7795,3055
7796,5997
7797,9143
7798,8885
7799,6459
7800,3075
7801,1964
7802,4388
7803,578
7804,2303
7805,6410
7806,3076
7807,9253
7808,724
7809,9548
7810,3536
7811,7478
7812,5034
7813,5421
7814,2221
7815,8485
7816,9920
7817,7351
7818,553
7819,4568
7820,7212
7821,3401
7822,9427
7823,9141
7824,1878
7825,3721
7826,6045
7827,1102
7828,7697
7829,318
7830,1640
7831,2575
7832,6747
7833,1542
7834,7446
7835,2315
7836,4757
7837,6226
7838,210
7839,3019
7840,2592
7841,1607
7842,3136
7843,2095
7844,1789
7845,1583
7846,5093
7847,23
7848,2657
7849,3036
7850,6617
7851,6932
7852,2632
7853,6004
7854,6410
7855,6457
7856,9355
7857,5642
7858,634
7859,9440
7860,7895
7861,5891
7862,4805
7863,4763
7864,1558
7865,6739
7866,4171
7867,3618
7868,4512
7869,3181
7870,9641
7871,773
7872,6797
7873,9952
7874,8434
7875,8758
7876,2585
7877,4947
7878,3128
7879,7394
7880,6690
7881,9562
7882,831
7883,6904
7884,429
7885,9853
7886,5111
7887,7474
7888,7038
7889,8104
7890,125
7891,1668
7892,5812
7893,5959
7894,9365
7895,715
7896,8688
7897,4601
7898,7202
7899,2694
7900,838
7901,7804
7902,5988
7903,3293
7904,3733
7905,3409
7906,4124
7907,7214
7908,2147
7909,4649
7910,5368
7911,7931
7912,7910
7913,5596
7914,7597
7915,4826
7916,476
7917,8724
7918,6535
7919,4847
7920,1660
7921,2696
7922,9266
7923,7778
7924,7460
7925,2667
7926,4840
7927,3594
7928,5136
7929,4374
7930,3646
7931,4552
7932,78
7933,2594
7934,9413
7935,6345
7936,2777
7937,8042
7938,3931
7939,5214
7940,6655
7941,4203
7942,6511
7943,9248
7944,7828
7945,6745
7946,1348
7947,2682
7948,6695
7949,5520
7950,5917
7951,4991
7952,3925
7953,329
7954,4757
7955,3949
7956,4337
7957,2607
7958,4685
7959,8181
7960,5542
7961,5419
7962,8381
7963,64
7964,5016
7965,7724
7966,9721
7967,5950
7968,8359
7969,4616
7970,915
7971,3867
7972,7532
7973,2721
7974,2442
7975,984
7976,9698
7977,565
7978,7719
7979,6562
7980,3086
7981,4167
7982,7762
7983,2536
7984,1454
7985,1095
7986,2650
7987,4151
7988,508
7989,8606
7990,2847
7991,5390
7992,2975
7993,6262
7994,9324
7995,4744
7996,5964
7997,4728
7998,1807
7999,7223
8000,3316
8001,9312
8002,3286
8003,1845
8004,2521
8005,5075
8006,6223
8007,9793
8008,1801
8009,3786
8010,6899
8011,2965
8012,3223
8013,2921
8014,7485
8015,7714
8016,134
8017,9427
8018,3555
8019,3184
8020,4979
8021,3334
8022,854
8023,8620
8024,9190
8025,9087
8026,6084
8027,8300
8028,2832
8029,6895
8030,5499
8031,4682
8032,7699
8033,1530
8034,4972
8035,1091
8036,6481
8037,6865
8038,6600
8039,4473
8040,3590
8041,6931
8042,4311
8043,8872
8044,5726
8045,1864
8046,2143
8047,7102
8048,258
8049,8870
8050,6450
8051,6908
8052,50
8053,1323
8054,9220
8055,6580
8056,7595
8057,5239
8058,4588
8059,9307
8060,6443
8061,9597
8062,6125
8063,5310
8064,5590
8065,7394
8066,921
8067,3034
8068,6969
8069,8647
8070,3536
8071,2436
8072,6539
8073,2489
8074,2571
8075,9329
8076,6887
8077,4809
8078,6253
8079,2752
8080,3478
8081,6593
8082,5446
8083,7748
8084,1549
8085,7004
8086,9091
8087,1898
8088,1888
8089,3935
8090,4376
8091,396
8092,9356
8093,2012
8094,3126
8095,3061
8096,4870
8097,4265
8098,2447
8099,410
8100,8064
8101,9926
8102,1375
8103,4200
8104,7124
8105,1279
8106,9055
8107,5839
8108,2059
8109,5499
8110,4865
8111,916
8112,9549
8113,5968
8114,9082
8115,1928
8116,4531
8117,3898
8118,3003
8119,3191
8120,3593
8121,9615
8122,5644
8123,4396
8124,9177
8125,325
8126,8147
8127,3604
8128,5293
8129,2102
8130,7432
8131,4883
8132,5633
8133,9865
8134,5694
8135,4649
8136,6791
8137,6355
8138,4921
8139,3894
8140,4851
8141,7955
8142,198
8143,4610
8144,5316
8145,334
8146,8569
8147,3548
8148,3172
8149,4124
8150,7460
8151,6951
8152,8739
8153,6033
8154,5404
8155,761
8156,873
8157,5144
8158,803
8159,3245
8160,7578
8161,5150
8162,2317
8163,2714
8164,9155
8165,5400
8166,832
8167,2023
8168,3498
8169,6998
8170,8560
8171,317
8172,6862
8173,4592
8174,4052
8175,6220
8176,493
8177,4159
8178,7735
8179,9561
8180,115
8181,4706
8182,4964
8183,12
8184,2087
8185,8997
8186,1148
8187,1299
8188,4622
8189,1533
8190,4250
8191,2874
8192,7316
8193,5506
8194,7839
8195,1153
8196,6756
8197,8101
8198,3190
8199,5895
8200,1307
8201,9234
8202,6855
8203,9345
8204,7692
8205,7813
8206,822
8207,6432
8208,4996
8209,8549
8210,3966
8211,2295
8212,6242
8213,5596
8214,1703
8215,8732
8216,7166
8217,5262
8218,1043
8219,6764
8220,948
8221,1081
8222,9238
8223,5107
8224,2104
8225,8200
8226,9772
8227,16
8228,1088
8229,2215
8230,2977
8231,829
8232,302
8233,8376
8234,688
8235,9870
8236,249
8237,8822
8238,9030
8239,6025
8240,5867
8241,8292
8242,3102
8243,4044
8244,2851
8245,2516
8246,8616
8247,3787
8248,6172
8249,3237
8250,5975
8251,3392
8252,8215
8253,1564
8254,8825
8255,6556
8256,4670
8257,8161
8258,8565
8259,1287
8260,1714
8261,1035
8262,7078
8263,4484
8264,7330
8265,5183
8266,6357
8267,8856
8268,6687
8269,2364
8270,2107
8271,9684
8272,2285
8273,942
8274,8743
8275,5434
8276,1687
8277,7604
8278,1633
8279,4074
8280,6583
8281,5924
8282,5175
8283,1451
8284,6600
8285,3910
8286,9258
8287,4848
8288,6429
8289,5003
8290,8576
8291,2691
8292,5063
8293,1462
8294,2708
8295,6711
8296,2646
8297,9258
8298,9782
8299,2221
8300,5475
8301,1111
8302,1376
8303,5056
8304,7104
8305,4203
8306,1875
8307,7204
8308,9212
8309,8322
8310,231
8311,6791
8312,7169
8313,3378
8314,6827
8315,7926
8316,130
8317,304
8318,8951
8319,7602
8320,3247
8321,9419
8322,7761
8323,7710
8324,3363
8325,2543
8326,9532
8327,1581
8328,9972
8329,6215
8330,2983
8331,388
8332,7864
8333,4328
8334,202
8335,4265
8336,820
8337,5409
8338,6328
8339,1248
8340,3110
8341,9974
8342,7750
8343,6579
8344,972
8345,3538
8346,9025
8347,616
8348,9842
8349,3704
8350,7324
8351,4689
8352,8711
8353,8691
8354,4264
8355,3494
8356,1890
8357,193
8358,2558
8359,4558
8360,9876
8361,1469
8362,5714
8363,8403
8364,8308
8365,5497
8366,7304
8367,3884
8368,2844
8369,203
8370,5971
8371,3510
8372,2806
8373,4257
8374,2050
8375,741
8376,1992
8377,3217
8378,1979
8379,8968
8380,818
8381,8026
8382,3507
8383,825
8384,9408
8385,8348
8386,3295
8387,2616
8388,7469
8389,6775
8390,9015
8391,1236
8392,4487
8393,6256
8394,1651
8395,5063
8396,1556
8397,3541
8398,2703
8399,1138
8400,6129
8401,6303
8402,6161
8403,7703
8404,3838
8405,1050
8406,9986
8407,2133
8408,8264
8409,9704
8410,3657
8411,3504
8412,4574
8413,2259
8414,7071
8415,7491
8416,6920
8417,8026
8418,981
8419,6369
8420,7701
8421,9738
8422,8249
8423,4722
8424,6851
8425,4563
8426,906
8427,1093
8428,8356
8429,4900
8430,4870
8431,1193
8432,4330
8433,6258
8434,8291
8435,4817
8436,403
8437,8266
8438,3182
8439,32
8440,1482
8441,1354
8442,5217
8443,8560
8444,2284
8445,6726
8446,9878
8447,6116
8448,2915
8449,3684
8450,8540
8451,1382
8452,3761
8453,506
8454,6520
8455,8986
8456,5933
8457,8256
8458,2460
8459,1346
8460,2824
8461,6121
8462,8033
8463,5260
8464,2583
8465,8813
8466,7124
8467,4787
8468,8845
8469,3687
8470,5943
8471,1474
8472,5542
8473,3672
8474,7786
8475,6473
8476,501
8477,4968
8478,1376
8479,693
8480,1795
8481,2000
8482,7777
8483,2915
8484,2342
8485,6708
8486,3633
8487,5153
8488,6299
8489,6732
8490,1606
8491,5645
8492,2139
8493,7666
8494,3884
8495,6263
8496,8408
8497,988
8498,9704
8499,8920
8500,5791
8501,5413
8502,2797
8503,4314
8504,2310
8505,1953
8506,8906
8507,8527
8508,9687
8509,7770
8510,5585
8511,6912
8512,4044
8513,2624
8514,4679
8515,2201
8516,6945
8517,7005
8518,8659
8519,8474
8520,2527
8521,3086
8522,8608
8523,2675
8524,1356
8525,7426
8526,982
8527,8853
8528,6192
8529,7864
8530,7007
8531,447
8532,6494
8533,3552
8534,4857
8535,1785
8536,4148
8537,8972
8538,3907
8539,6640
8540,6088
8541,8139
8542,5973
8543,4484
8544,5719
8545,8376
8546,1021
8547,9736
8548,5767
8549,9278
8550,1245
8551,1593
8552,6424
8553,4301
8554,2940
8555,9995
8556,4461
8557,2495
8558,30
8559,1609
8560,7938
8561,1650
8562,4622
8563,4187
8564,3771
8565,7412
8566,8137
8567,1563
8568,6468
8569,7519
8570,5204
8571,4580
8572,1135
8573,3378
8574,3961
8575,566
8576,9808
8577,5879
8578,2241
8579,1394
8580,2418
8581,3281
8582,4577
8583,380
8584,9248
8585,9082
8586,3752
8587,9940
8588,5546
8589,2699
8590,852
8591,2913
8592,1493
8593,6661
8594,548
8595,4542
8596,6783
8597,9079
8598,9953
8599,6695
8600,8780
8601,9423
8602,1063
8603,2966
8604,1222
8605,3615
8606,2717
8607,6274
8608,9941
8609,5819
8610,5725
8611,2874
8612,3514
8613,6020
8614,4530
8615,2002
8616,6137
8617,8685
8618,6489
8619,2355
8620,3733
8621,7677
8622,7632
8623,277
8624,932
8625,3664
8626,7559
8627,3378
8628,2474
8629,9944
8630,685
8631,8718
8632,4031
8633,1001
8634,4648
8635,7945
8636,7901
8637,4334
8638,273
8639,2557
8640,170
8641,7169
8642,313
8643,2379
8644,1020
8645,393
8646,6680
8647,8282
8648,1304
8649,6180
8650,5336
8651,8604
8652,6084
8653,1489
8654,1144
8655,9097
8656,6066
8657,538
8658,7271
8659,1212
8660,7450
8661,3107
8662,6962
8663,5499
8664,1816
8665,1624
8666,8478
8667,9542
8668,5078
8669,9921
8670,9180
8671,736
8672,290
8673,214
8674,2721
8675,3759
8676,283
8677,3291
8678,4050
8679,4969
8680,2938
8681,5564
8682,9983
8683,9178
8684,1710
8685,4889
8686,3836
8687,7005
8688,1514
8689,5930
8690,6619
8691,9929
8692,9847
8693,5697
8694,271
8695,7576
8696,3764
8697,489
8698,6751
8699,5487
8700,6064
8701,4895
8702,1598
8703,1601
8704,4969
8705,1612
8706,3086
8707,6517
8708,3714
8709,3949
8710,8577
8711,2056
8712,3037
8713,2238
8714,9627
8715,5684
8716,7473
8717,3191
8718,9816
8719,4479
8720,5570
8721,1280
8722,7387
8723,5574
8724,6977
8725,2532
8726,2415
8727,6908
8728,2955
8729,6023
8730,6090
8731,3739
8732,5839
8733,8260
8734,2127
8735,9996
8736,6429
8737,8202
8738,8394
8739,9785
8740,3073
8741,4417
8742,8245
8743,2040
8744,5343
8745,5684
8746,6384
8747,2311
8748,3350
8749,6343
8750,7181
8751,6836
8752,541
8753,6130
8754,5285
8755,2277
8756,1194
8757,7552
8758,9814
8759,3165
8760,1240
8761,5074
8762,303
8763,59
8764,9391
8765,8131
8766,1574
8767,522
8768,8681
8769,135
8770,1989
8771,6166
8772,3453
8773,6972
8774,3970
8775,195
8776,5672
8777,1021
8778,4318
8779,9059
8780,8311
8781,7175
8782,6621
8783,3251
8784,4779
8785,2535
8786,7236
8787,9262
8788,9187
8789,9650
8790,3546
8791,3874
8792,3884
8793,6859
8794,1991
8795,4690
8796,5016
8797,2263
8798,4746
8799,469
8800,4420
8801,1526
8802,8875
8803,204
8804,2191
8805,1572
8806,44
8807,1268
8808,1681
8809,4963
8810,6136
8811,4552
8812,5
8813,6209
8814,7683
8815,7906
8816,3634
8817,9567
8818,9233
8819,201
8820,1079
8821,2545
8822,3275
8823,5121
8824,4182
8825,6003
8826,5839
8827,7359
8828,4710
8829,2951
8830,1878
8831,2233
8832,7546
8833,8647
8834,8306
8835,9160
8836,5415
8837,6303
8838,226
8839,9416
8840,5726
8841,9538
8842,2176
8843,6188
8844,1704
8845,9802
8846,7271
8847,6871
8848,9069
8849,6204
8850,20
8851,7917
8852,5772
8853,4977
8854,1576
8855,3882
8856,7677
8857,7765
8858,6493
8859,251
8860,2034
8861,66
8862,8274
8863,764
8864,3696
8865,7883
8866,9403
8867,7606
8868,6163
8869,5714
8870,7585
8871,2892
8872,7135
8873,1957
8874,9822
8875,3947
8876,7256
8877,1959
8878,7368
8879,1575
8880,60
8881,4466
8882,3699
8883,5795
8884,9161
8885,8431
8886,8231
8887,1142
8888,3321
8889,5439
8890,3834
8891,374
8892,4560
8893,7100
8894,7578
8895,1490
8896,2093
8897,7883
8898,4764
8899,3462
8900,8173
8901,4889
8902,6144
8903,4015
8904,2988
8905,7972
8906,8000
8907,7495
8908,2639
8909,2338
8910,9774
8911,1115
8912,7546
8913,6316
8914,4937
8915,9085
8916,6693
8917,4461
8918,7951
8919,8622
8920,5286
8921,8584
8922,371
8923,399
8924,908
8925,9903
8926,2429
8927,2738
8928,3492
8929,3389
8930,2548
8931,6387
8932,654
8933,7786
8934,7488
8935,2595
8936,2560
8937,7042
8938,5404
8939,9723
8940,6829
8941,6053
8942,1568
8943,6204
8944,2799
8945,9565
8946,5954
8947,6242
8948,7981
8949,9967
8950,7789
8951,9484
8952,5378
8953,2380
8954,8559
8955,5388
8956,2700
8957,7277
8958,7597
8959,7448
8960,390
8961,6306
8962,1984
8963,1912
8964,5360
8965,6111
8966,4444
8967,1481
8968,7204
8969,9841
8970,4079
8971,1870
8972,5523
8973,3963
8974,6591
8975,5882
8976,679
8977,5471
8978,9453
8979,9068
8980,4260
8981,1863
8982,536
8983,809
8984,5822
8985,6008
8986,8031
8987,6597
8988,8960
8989,5660
8990,4658
8991,9453
8992,4506
8993,2580
8994,1502
8995,733
8996,9832
8997,3692
8998,1381
8999,307
9000,647
9001,7474
9002,4411
9003,6853
9004,7960
9005,7910
9006,2512
9007,532
9008,609
9009,2112
9010,3012
9011,3517
9012,1144
9013,9675
9014,4509
9015,4071
9016,6267
9017,1134
9018,527
9019,1305
9020,8345
9021,2914
9022,2399
9023,768
9024,5396
9025,6418
9026,3373
9027,1242
9028,9789
9029,1677
9030,3586
9031,3128
9032,4339
9033,6182
9034,1678
9035,6546
9036,9877
9037,9987
9038,2647
9039,1272
9040,6114
9041,4482
9042,4832
9043,1847
9044,2440
9045,9470
9046,1348
9047,5772
9048,6274
9049,3904
9050,8169
9051,6166
9052,9161
9053,3366
9054,2811
9055,6117
9056,3523
9057,7533
9058,358
9059,6357
9060,7726
9061,7391
9062,1025
9063,8574
9064,5955
9065,5521
9066,1343
9067,8591
9068,9594
9069,4791
9070,8416
9071,3984
9072,8137
9073,6152
9074,3006
9075,2121
9076,3481
9077,8026
9078,5583
9079,612
9080,180
9081,3341
9082,4518
9083,6900
9084,8516
9085,9066
9086,3368
9087,5602
9088,4461
9089,6640
9090,5317
9091,6333
9092,4974
9093,8093
9094,6287
9095,9460
9096,4220
9097,116
9098,1151
9099,4382
9100,5324
9101,2669
9102,3492
9103,2507
9104,812
9105,222
9106,1090
9107,8164
9108,6301
9109,1712
9110,9835
9111,1297
9112,3373
9113,7094
9114,1313
9115,4151
9116,2558
9117,375
9118,3513
9119,974
9120,9223
9121,3858
9122,836
9123,8206
9124,8426
9125,2384
9126,7351
9127,8753
9128,2224
9129,9924
9130,270
9131,8624
9132,5636
9133,8495
9134,5925
9135,8072
9136,8335
9137,4969
9138,3809
9139,2951
9140,9822
9141,5863
9142,9669
9143,6815
9144,3712
9145,837
9146,9654
9147,5565
9148,2393
9149,3808
9150,7672
9151,2408
9152,7379
9153,3983
9154,8860
9155,1108
9156,7407
9157,1339
9158,1247
9159,5360
9160,8284
9161,8698
9162,1868
9163,4690
9164,1628
9165,9091
9166,6201
9167,9262
9168,1197
9169,2388
9170,7998
9171,1814
9172,81
9173,4644
9174,5358
9175,9151
9176,4236
9177,8050
9178,5824
9179,8186
9180,7214
9181,3907
9182,7192
9183,287
9184,740
9185,8129
9186,7510
9187,6497
9188,4007
9189,8434
9190,2678
9191,3862
9192,2275
9193,2333
9194,4981
9195,4296
9196,7256
9197,9317
9198,9219
9199,9305
9200,3350
9201,1341
9202,9928
9203,2961
9204,5986
9205,6680
9206,1407
9207,7558
9208,2017
9209,8022
9210,8234
9211,1252
9212,7650
9213,7119
9214,3337
9215,8060
9216,261
9217,3641
9218,3098
9219,8268
9220,7573
9221,4212
9222,2528
9223,8990
9224,3814
9225,6875
9226,1897
9227,7093
9228,76
9229,3742
9230,5166
9231,7526
9232,7895
9233,2258
9234,5550
9235,6989
9236,8164
9237,7335
9238,4625
9239,4613
9240,3614
9241,2761
9242,2627
9243,570
9244,6527
9245,904
9246,3273
9247,5348
9248,5764
9249,998
9250,8743
9251,3475
9252,2517
9253,9001
9254,7491
9255,15
9256,777
9257,6823
9258,8676
9259,4028
9260,5651
9261,89
9262,5548
9263,6676
9264,9622
9265,2752
9266,2377
9267,4279
9268,3199
9269,4856
9270,3771
9271,3673
9272,6728
9273,5298
9274,8241
9275,6376
9276,262
9277,6272
9278,4824
9279,3410
9280,8887
9281,7097
9282,6543
9283,3811
9284,8558
9285,3303
9286,230
9287,8308
9288,673
9289,4122
9290,3488
9291,3001
9292,3827
9293,13
9294,8278
9295,2829
9296,5066
9297,613
9298,4028
9299,2486
9300,6130
9301,6149
9302,3675
9303,9032
9304,9365
9305,473
9306,4939
9307,3541
9308,6669
9309,6676
9310,6998
9311,6325
9312,9959
9313,7628
9314,3485
9315,2894
9316,9827
9317,9818
9318,2358
9319,4516
9320,5931
9321,1705
9322,7212
9323,2144
9324,8972
9325,6377
9326,4643
9327,5819
9328,2399
9329,8161
9330,9764
9331,653
9332,7705
9333,7660
9334,3818
9335,9011
9336,4232
9337,5692
9338,3471
9339,7834
9340,9542
9341,3283
9342,2110
9343,1085
9344,6232
9345,747
9346,3402
9347,8722
9348,8573
9349,1893
9350,2512
9351,2444
9352,6478
9353,2347
9354,3799
9355,9778
9356,3984
9357,878
9358,7504
9359,269
9360,7442
9361,9672
9362,9169
9363,614
9364,7800
9365,9087
9366,6395
9367,611
9368,1919
9369,8239
9370,4868
9371,5056
9372,4261
9373,3313
9374,7751
9375,2317
9376,417
9377,430
9378,6527
9379,98
9380,4036
9381,9349
9382,5511
9383,6497
9384,6381
9385,3810
9386,1018
9387,2040
9388,7835
9389,6883
9390,6607
9391,1372
9392,6029
9393,4975
9394,4527
9395,2080
9396,8556
9397,5493
9398,1777
9399,254
9400,2047
9401,9822
9402,5714
9403,4631
9404,9618
9405,4271
9406,909
9407,4284
9408,5008
9409,9147
9410,775
9411,523
9412,8986
9413,8640
9414,5381
9415,3820
9416,6152
9417,3650
9418,6645
9419,7841
9420,951
9421,6209
9422,335
9423,2474
9424,2412
9425,3732
9426,865
9427,1100
9428,9814
9429,5981
9430,7316
9431,9338
9432,4498
9433,2056
9434,1891
9435,4799
9436,2265
9437,6905
9438,9441
9439,2566
9440,5986
9441,6185
9442,7648
9443,1007
9444,6092
9445,438
9446,6323
9447,632
9448,5123
9449,321
9450,2930
9451,1099
9452,6551
9453,3152
9454,1639
9455,2583
9456,6068
9457,4676
9458,9900
9459,372
9460,716
9461,3122
9462,4387
9463,3577
9464,241
9465,6051
9466,1297
9467,9966
9468,1083
9469,4351
9470,983
9471,5123
9472,3167
9473,3727
9474,1707
9475,1947
9476,2791
9477,2417
9478,4346
9479,328
9480,1988
9481,2635
9482,5496
9483,6726
9484,4926
9485,1123
9486,3031
9487,9284
9488,7464
9489,7137
9490,114
9491,3440
9492,5704
9493,9343
9494,5334
9495,9726
9496,2496
9497,2075
9498,598
9499,9046
9500,7224
9501,6329
9502,5455
9503,7938
9504,5542
9505,8354
9506,9487
9507,4727
9508,4522
9509,6056
9510,7688
9511,9497
9512,7546
9513,179
9514,4914
9515,6359
9516,7783
9517,4631
9518,6163
9519,5075
9520,8335
9521,6885
9522,7729
9523,8264
9524,6568
9525,2363
9526,7184
9527,8884
9528,5290
9529,1059
9530,2240
9531,8000
9532,3681
9533,9492
9534,3091
9535,5523
9536,672
9537,8384
9538,6110
9539,2247
9540,8388
9541,9161
9542,769
9543,5953
9544,3560
9545,1113
9546,2526
9547,93
9548,4182
9549,3869
9550,1041
9551,9441
9552,2894
9553,61
9554,1485
9555,5028
9556,4059
9557,4313
9558,7903
9559,4548
9560,3550
9561,7340
9562,7774
9563,1338
9564,5691
9565,7416
9566,2298
9567,9374
9568,2575
9569,1353
9570,7910
9571,282
9572,7951
9573,1348
9574,8545
9575,9904
9576,8927
9577,3564
9578,7100
9579,6716
9580,5788
9581,1266
9582,861
9583,6366
9584,5253
9585,2834
9586,2468
9587,7688
9588,2121
9589,2015
9590,7485
9591,9327
9592,6242
9593,1342
9594,9480
9595,3503
9596,4257
9597,6705
9598,9172
9599,4964
9600,5422
9601,4656
9602,6282
9603,1491
9604,3741
9605,9143
9606,8060
9607,8262
9608,3049
9609,4490
9610,7972
9611,7542
9612,1307
9613,1101
9614,9436
9615,4230
9616,7411
9617,7664
9618,6833
9619,7097
9620,2229
9621,3746
9622,3589
9623,557
9624,7102
9625,4835
9626,7820
9627,104
9628,473
9629,6717
9630,9715
9631,6337
9632,8102
9633,4983
9634,6042
9635,9632
9636,9717
9637,297
9638,3979
9639,8909
9640,765
9641,2862
9642,5161
9643,9777
9644,1380
9645,4820
9646,5902
9647,8613
9648,3890
9649,8418
9650,6946
9651,1813
9652,378
9653,590
9654,5231
9655,5731
9656,1580
9657,5013
9658,7422
9659,1042
9660,2357
9661,4572
9662,6190
9663,7271
9664,6908
9665,7770
9666,7309
9667,6032
9668,6483
9669,6756
9670,1750
9671,1814
9672,8300
9673,1516
9674,5619
9675,7052
9676,630
9677,8544
9678,6544
9679,6192
9680,581
9681,3993
9682,9439
9683,2065
9684,2910
9685,2490
9686,1331
9687,7568
9688,421
9689,6031
9690,687
9691,678
9692,2244
9693,5409
9694,6529
9695,255
9696,2348
9697,8099
9698,9859
9699,9666
9700,3630
9701,7428
9702,5096
9703,9832
9704,3545
9705,6478
9706,4852
9707,5108
9708,1809
9709,3282
9710,7645
9711,9207
9712,2692
9713,6404
9714,8348
9715,8178
9716,546
9717,111
9718,2130
9719,2151
9720,1405
9721,3657
9722,8956
9723,39
9724,1786
9725,9693
9726,8388
9727,7797
9728,7146
9729,8295
9730,3656
9731,3210
9732,624
9733,7448
9734,6006
9735,8925
9736,2020
9737,3414
9738,3014
9739,972
9740,36
9741,7219
9742,3794
9743,169
9744,158
9745,6130
9746,5546
9747,9299
9748,452
9749,8703
9750,8645
9751,3560
9752,3788
9753,9469
9754,4644
9755,5634
9756,1358
9757,2161
9758,9475
9759,8704
9760,3044
9761,8865
9762,2818
9763,8285
9764,592
9765,5084
9766,3478
9767,7295
9768,8986
9769,3823
9770,4750
9771,8845
9772,6752
9773,7078
9774,2865
9775,7177
9776,4122
9777,3826
9778,151
9779,7621
9780,8878
9781,2657
9782,9606
9783,9137
9784,9847
9785,7373
9786,8454
9787,2394
9788,2141
9789,1469
9790,9044
9791,2436
9792,6710
9793,4102
9794,2745
9795,5950
9796,7078
9797,8090
9798,9161
9799,7522
9800,5965
9801,6972
9802,9205
9803,8004
9804,7510
9805,1361
9806,4807
9807,8850
9808,9135
9809,1630
9810,9397
9811,253
9812,8998
9813,1914
9814,1908
9815,5306
9816,3451
9817,6818
9818,3939
9819,4399
9820,926
9821,2845
9822,7907
9823,1796
9824,7335
9825,8384
9826,7578
9827,3418
9828,9010
9829,9883
9830,8681
9831,1290
9832,6107
9833,5468
9834,5756
9835,7845
9836,8764
9837,785
9838,9077
9839,2453
9840,3463
9841,2821
9842,257
9843,6745
9844,6124
9845,7
9846,9011
9847,17
9848,8768
9849,9810
9850,1294
9851,3230
9852,7397
9853,4234
9854,1210
9855,7148
9856,3156
9857,4109
9858,6056
9859,6074
9860,3597
9861,8844
9862,6774
9863,516
9864,6213
9865,823
9866,3001
9867,8981
9868,8521
9869,8998
9870,2013
9871,159
9872,2778
9873,970
9874,6095
9875,6097
9876,5348
9877,1818
9878,2809
9879,7730
9880,7529
9881,8129
9882,161
9883,6994
9884,2927
9885,1229
9886,6939
9887,8838
9888,862
9889,7883
9890,8554
9891,2327
9892,2204
9893,9874
9894,9595
9895,4322
9896,5890
9897,6809
9898,525
9899,243
9900,9326
9901,133
9902,2017
9903,7538
9904,6314
9905,7298
9906,1675
9907,8256
9908,4165
9909,756
9910,144
9911,7667
9912,8464
9913,6418
9914,6147
9915,9209
9916,2568
9917,5785
9918,8671
9919,5084
9920,9071
9921,6467
9922,4930
9923,9189
9924,6101
9925,2519
9926,5234
9927,8274
9928,1766
9929,8042
9930,7646
9931,1320
9932,6071
9933,8056
9934,6562
9935,8097
9936,5935
9937,550
9938,416
9939,4582
9940,1455
9941,6789
9942,5248
9943,2794
9944,7778
9945,8064
9946,6083
9947,1750
9948,7717
9949,8698
9950,5926
9951,4905
9952,8747
9953,8578
9954,171
9955,3119
9956,9314
9957,8930
9958,4663
9959,7746
9960,6448
9961,7478
9962,5799
9963,9176
9964,4688
9965,5526
9966,7957
9967,8177
9968,6630
9969,9058
9970,6861
9971,6491
9972,615
9973,7663
9974,3721
9975,5761
9976,4378
9977,7458
9978,9025
9979,9582
9980,5920
9981,1199
9982,3491
9983,6752
9984,7115
9985,9552
9986,7267
9987,2934
9988,8113
9989,3976
9990,9450
9991,4040
9992,4196
9993,7931
9994,4940
9995,5556
9996,9153
9997,5784
9998,1825
9999,7519
10000,8401
